,filename,a_A,b_A,c_A,d_A,g_A,a_E,b_E,c_E,d_E,g_E,a_I,b_I,c_I,d_I,g_I,a_O,b_O,c_O,d_O,g_O,a_U,b_U,c_U,d_U,g_U,mfcc_mean_1_A,mfcc_mean_2_A,mfcc_mean_3_A,mfcc_mean_4_A,mfcc_mean_5_A,mfcc_mean_6_A,mfcc_mean_7_A,mfcc_mean_8_A,mfcc_mean_9_A,mfcc_mean_10_A,mfcc_mean_11_A,mfcc_mean_12_A,mfcc_mean_13_A,f0_contour_mean_A,f0_mean_A,f0_std_A,intensity_mean_A,rms_mean_A,log_energy_A,loudness_slidingwindow_mean_A,ppe_A,localJitter_A,localabsoluteJitter_A,rapJitter_A,ppq5Jitter_A,ddpJitter_A,localShimmer_A,localdbShimmer_A,apq3Shimmer_A,apq5Shimmer_A,apq11Shimmer_A,dfa_A,f1_A,f2_A,f3_A,f4_A,hnr_A,LPC_0_A,LPC_1_A,LPC_2_A,LPC_3_A,LPC_4_A,mfcc_mean_1_E,mfcc_mean_2_E,mfcc_mean_3_E,mfcc_mean_4_E,mfcc_mean_5_E,mfcc_mean_6_E,mfcc_mean_7_E,mfcc_mean_8_E,mfcc_mean_9_E,mfcc_mean_10_E,mfcc_mean_11_E,mfcc_mean_12_E,mfcc_mean_13_E,f0_contour_mean_E,f0_mean_E,f0_std_E,intensity_mean_E,rms_mean_E,log_energy_E,loudness_slidingwindow_mean_E,ppe_E,localJitter_E,localabsoluteJitter_E,rapJitter_E,ppq5Jitter_E,ddpJitter_E,localShimmer_E,localdbShimmer_E,apq3Shimmer_E,apq5Shimmer_E,apq11Shimmer_E,dfa_E,f1_E,f2_E,f3_E,f4_E,hnr_E,LPC_0_E,LPC_1_E,LPC_2_E,LPC_3_E,LPC_4_E,mfcc_mean_1_I,mfcc_mean_2_I,mfcc_mean_3_I,mfcc_mean_4_I,mfcc_mean_5_I,mfcc_mean_6_I,mfcc_mean_7_I,mfcc_mean_8_I,mfcc_mean_9_I,mfcc_mean_10_I,mfcc_mean_11_I,mfcc_mean_12_I,mfcc_mean_13_I,f0_contour_mean_I,f0_mean_I,f0_std_I,intensity_mean_I,rms_mean_I,log_energy_I,loudness_slidingwindow_mean_I,ppe_I,localJitter_I,localabsoluteJitter_I,rapJitter_I,ppq5Jitter_I,ddpJitter_I,localShimmer_I,localdbShimmer_I,apq3Shimmer_I,apq5Shimmer_I,apq11Shimmer_I,dfa_I,f1_I,f2_I,f3_I,f4_I,hnr_I,LPC_0_I,LPC_1_I,LPC_2_I,LPC_3_I,LPC_4_I,mfcc_mean_1_O,mfcc_mean_2_O,mfcc_mean_3_O,mfcc_mean_4_O,mfcc_mean_5_O,mfcc_mean_6_O,mfcc_mean_7_O,mfcc_mean_8_O,mfcc_mean_9_O,mfcc_mean_10_O,mfcc_mean_11_O,mfcc_mean_12_O,mfcc_mean_13_O,f0_contour_mean_O,f0_mean_O,f0_std_O,intensity_mean_O,rms_mean_O,log_energy_O,loudness_slidingwindow_mean_O,ppe_O,localJitter_O,localabsoluteJitter_O,rapJitter_O,ppq5Jitter_O,ddpJitter_O,localShimmer_O,localdbShimmer_O,apq3Shimmer_O,apq5Shimmer_O,apq11Shimmer_O,dfa_O,f1_O,f2_O,f3_O,f4_O,hnr_O,LPC_0_O,LPC_1_O,LPC_2_O,LPC_3_O,LPC_4_O,mfcc_mean_1_U,mfcc_mean_2_U,mfcc_mean_3_U,mfcc_mean_4_U,mfcc_mean_5_U,mfcc_mean_6_U,mfcc_mean_7_U,mfcc_mean_8_U,mfcc_mean_9_U,mfcc_mean_10_U,mfcc_mean_11_U,mfcc_mean_12_U,mfcc_mean_13_U,f0_contour_mean_U,f0_mean_U,f0_std_U,intensity_mean_U,rms_mean_U,log_energy_U,loudness_slidingwindow_mean_U,ppe_U,localJitter_U,localabsoluteJitter_U,rapJitter_U,ppq5Jitter_U,ddpJitter_U,localShimmer_U,localdbShimmer_U,apq3Shimmer_U,apq5Shimmer_U,apq11Shimmer_U,dfa_U,f1_U,f2_U,f3_U,f4_U,hnr_U,LPC_0_U,LPC_1_U,LPC_2_U,LPC_3_U,LPC_4_U,label
0,AVPEPUDEAC0001a1.wav,0.005133906318208597,2.7738037206208315,14.464413420127338,0.23995120154812458,0.43890664572756116,0.008326330680683058,2.786644264752733,37.006651090859854,0.3588256119855666,1.1736816512787034,0.0026052480527215434,2.2583815590697967,83.3742084403231,0.26664260929267425,1.9140230817511488,0.00675963972994162,2.5940776478881014,40.986575432093744,0.40369229897781905,1.548062832263803,0.0010323674941697452,2.1694254158734734,55.56837139940712,0.3304438742925414,1.378343593417244,-372.61896,170.53824,-40.583622,-27.997536,-6.1148715,-22.517136,-21.645016,27.295513,-2.7577977,-17.110922,-5.4460964,7.694843,-2.5611436,211.6816420721853,219.1747975437671,4.240683243907384,0.0018383788410574198,0.04183711111545563,-27.35902028150823,-26.97075265934598,-464.99789061192655,0.0021799533082617452,9.950145536138345e-06,0.00046322092845076026,0.0008190854829875733,0.0013896627853523082,0.018357764927553973,0.19573529786872054,0.006435669154876667,0.008984989097971048,0.017323655394316965,0.6037814973632432,1395.991003243499,2819.1911652257413,3744.435028851514,4266.647855122697,22.314400093855983,1.0,-2.255645,1.4725984,-0.099121004,-0.10712122,-389.2938,118.07132,-33.017567,24.4183,41.079067,13.106748,-63.157402,-8.423641,-2.7673802,-28.751644,-2.437192,-12.676762,-23.96113,214.60817441735685,218.943693092455,6.260742054420483,0.0018561501055955887,0.04171864688396454,-27.306772256049587,-27.36827858029085,-366.82904942326013,0.0021269649495314997,9.723154035524153e-06,0.0004565646123939517,0.0007518280857655432,0.001369693837181898,0.029496693395403707,0.29422548481640975,0.009607208712853468,0.014927957114715847,0.03633942477454073,0.6425500842139167,810.5220034991144,2212.1589709808823,2999.4324842064057,3764.882759235929,23.964635108447837,1.0,-2.263794,1.8312112,-0.734553,0.17337781,-491.63077,77.7652,4.365269,78.858986,43.58222,28.958118,-35.619175,-2.5287142,24.840292,-30.21999,-29.98866,0.27148896,-21.731249,210.58636214884365,225.27843392666995,5.6374567535772595,0.0003717893559951335,0.019076399505138397,-34.29994584231035,-34.58308388563447,-303.7706261937321,0.0024910792668635722,1.1064900414455831e-05,0.0006892032529899699,0.0012078987487193864,0.002067609758969905,0.02696100443958511,0.23164157920023976,0.012668004570363477,0.021898037465431418,0.049861332363053595,0.833326736290274,2548.8626476512995,3251.915757356275,3744.3982254696693,5982.1031209847615,22.429173026192093,1.0,-2.2495089,2.1041214,-1.1948466,0.34448823,-445.14288,163.75417,22.212301,19.59538,-17.421974,-32.986763,-43.294624,12.786443,6.153769,-31.18532,-5.6581106,-12.331907,-26.665358,205.96580775562302,218.83867074034941,7.9367080749606735,0.00250315573066473,0.04893051087856293,-26.000177926502456,-26.05293749595386,-234.73268457946125,0.0025820160610404404,1.1815151809213529e-05,0.0006378148036346394,0.0010793900082610452,0.0019134444109039157,0.02284604239887396,0.2201914764377819,0.008857630331399004,0.015469136802230127,0.029890859450174525,0.6332533871518128,1000.4107511977917,2887.7813390973893,3778.1371465103566,4513.019059782624,25.709349336116148,1.0,-2.1434212,1.5050094,-0.5451017,0.18855682,-527.0421,138.99689,63.262894,45.264217,1.0161364,-12.90854,-28.236895,-1.9515796,11.837224,-8.7532625,-5.9020214,-11.854957,-21.877356,212.81184410424058,220.89330653857888,8.443865000403855,0.0008904727874323726,0.028941569849848747,-30.488392751666268,-31.019216694017906,-342.77278873036425,0.0035592705367690873,1.6137107951812777e-05,0.0005162806192680431,0.0010877628209039643,0.0015488418578041517,0.035956003936683,0.31971832540781275,0.010669026216279735,0.02011622970422935,0.04225194954878649,0.7442354596978435,413.60888533777364,855.9235995967359,2691.4673491201725,3799.771302649684,25.69062954071532,1.0,-1.6213946,0.55227125,-0.20787922,0.2823458,0
1,AVPEPUDEAC0001a2.wav,0.004286575735558517,2.786765988541607,12.529315421786073,0.2280757652208558,0.36329523627603655,0.008697323324349984,2.842494586749147,33.15719032292519,0.32473674589019463,0.7249268580668224,0.0026107275553470975,2.3072082044760047,82.6387146349379,0.2787712379796355,1.9238504647422776,0.008404866387297354,2.989899239348805,26.7580614020025,0.3602786825884123,0.6154485266486779,0.0018732171103747809,2.2488211139095555,53.70978836198696,0.321121098950478,1.1173902830761113,-394.3889,165.66505,-24.27645,-20.874956,-9.255936,-18.81719,-20.143118,31.363369,1.7165015,-14.758257,-9.198782,5.7976418,-1.4570341,171.82525940193224,216.64924011547978,20.03782125471675,0.001741616171784699,0.039072781801223755,-27.600806457658624,-26.52623791686028,-56.26689347275735,0.002604493655385435,1.2207156538862412e-05,0.0004496951146692234,0.0007627055879876122,0.0013490853440076254,0.02900899039610261,0.22011330121131323,0.010129193345183985,0.017899307458509137,0.042148131532587896,0.6054057944482037,1359.2449978823634,2891.9638242631627,3789.1736171127004,4502.285648556654,19.567726129265388,1.0,-2.1966374,1.4143746,-0.16291702,-0.04003451,-383.8706,103.009285,-32.08697,31.603788,45.84044,22.604967,-60.115147,-5.192892,0.14876342,-23.13537,2.9673007,-9.692494,-19.738096,220.21427852999702,222.55698362074173,9.053167296923029,0.0012113692937418818,0.03243835270404816,-29.167689898682397,-28.165612185887912,-235.25980473280825,0.0026147405935842234,1.1768848640765711e-05,0.0006428732292207347,0.0011515914644640993,0.0019286196876622168,0.03121307287909593,0.29150418667448186,0.01292882824387696,0.020167992603762914,0.03648062745112242,0.705777723720022,2196.6841420394144,2206.382342074833,3054.1714375813576,3838.3181810938613,20.57718696657025,1.0,-2.1904335,1.854892,-0.9462424,0.29357013,-516.758,75.8225,16.806078,77.12709,45.85595,34.546078,-31.976183,-0.46571296,26.60752,-32.664326,-22.540573,-0.14583567,-22.850267,212.41882624434655,220.9155792941204,17.298988542355072,0.0003979846660513431,0.019623620435595512,-33.982865652994896,-35.093931762104845,-208.18908865418098,0.0027120214145655895,1.2403549247439281e-05,0.00072949164384522,0.0013920517543003599,0.002188474931535657,0.021686290248125725,0.18951856863471525,0.009234205595364685,0.014887975836050229,0.0356052541957534,0.8196750826703202,2533.5786622988558,3281.52932148808,3767.0147404967884,5986.089059100255,26.06810832025398,1.0,-2.1461284,1.9417934,-1.2086469,0.41624656,-473.4168,169.48184,35.713657,22.746418,-8.878059,-34.076027,-34.00711,4.766301,7.9838924,-17.231274,-7.5338507,-0.27663666,-17.656128,211.38515177939075,218.20402764324206,10.985968797220364,0.0018258739728480577,0.038842108100652695,-27.370453667693745,-34.711152337945066,-299.3340250871177,0.003795008116134809,1.743846455747508e-05,0.000584899636785707,0.0011868411736736736,0.0017546989103570483,0.04589074403998229,0.42151822845955367,0.013410801028669398,0.022748380706938326,0.05834307082044961,0.6707785177416324,900.0020759467358,2847.5517734002788,3581.2060140859,3680.4115023068102,23.52742729302606,1.0,-1.9435127,0.82583857,0.20750374,-0.08435841,-527.6259,145.3029,63.81268,42.161705,4.0167556,-13.247813,-28.876928,-0.37581357,11.161503,-13.794442,-9.085274,-6.240079,-17.857782,217.8267894197875,221.39772039388237,8.708026352200209,0.000695016176905483,0.026065412908792496,-31.55914856102386,-36.55204999304815,-113.14666688686889,0.004883884060556563,2.2094811939016244e-05,0.0009233198249580388,0.0015559192059947209,0.002769959474874178,0.04996671294286564,0.4674679102220883,0.01994457087109743,0.03033494578356865,0.06509426865834032,0.7698057897631274,366.7786260992541,773.1683902008033,2650.082361833292,3589.8150362839856,23.84213834844807,1.0,-1.5455209,0.4313589,-0.19243962,0.31155187,0
2,AVPEPUDEAC0001a3.wav,0.0031579277459704057,2.556352956590609,14.310373864465461,0.23756873050276098,0.35889770221721096,0.009720043346861535,3.256970977240187,27.910551383721195,0.3214022254659098,0.5666550565317904,0.0033267294063228144,2.4340692626774514,65.3205297835065,0.29866908825682537,1.2132198199046937,0.009014671108345473,2.8490947649803933,29.995854717969404,0.4191361585730248,0.8038912594018431,0.0019170457397734433,1.8700735604960759,5973.67050385211,0.7454539976272172,4891.938249474916,-399.75906,167.53125,-16.934942,-22.071875,-12.731897,-21.504839,-21.769806,33.27546,10.703189,-22.815685,-10.675511,10.695197,-6.3392406,208.54022860660453,213.22652587866304,17.30884253870468,0.0013362928293645382,0.034473009407520294,-28.73080875351667,-27.591733749790322,-38.15853842455029,0.003978239418807467,1.882183243687971e-05,0.0006721185461935032,0.0007864099766851302,0.002016355638580532,0.03888584174635023,0.4037323433142372,0.012990115120730731,0.02480628464097122,0.04816301338063649,0.6384706122845634,1355.212495242235,2942.23215062427,3718.674066180127,4459.81745716861,19.65015138632784,1.0,-2.1354911,1.2628361,-0.041563228,-0.0723387,-389.4871,104.47894,-30.499405,34.994213,43.566193,23.90391,-63.743866,-11.044722,3.2625449,-21.745686,-6.7049947,-7.1828985,-22.098957,212.7949913810627,217.68683026338599,7.466310483816271,0.0012987746158614755,0.035169366747140884,-28.848626930706168,-28.55820481337005,-214.53586645980593,0.0026624414705031852,1.22454438831721e-05,0.000587167512760333,0.0010957422499987353,0.0017615025382810166,0.025726225832579015,0.24874267265807057,0.009445061449146032,0.016066550886460414,0.032037730040356746,0.6614828384440194,1669.9367096085193,2266.1843705554547,3041.2504750521407,3771.3348162723214,22.564047260895673,1.0,-2.2244592,1.9332051,-1.0284252,0.32943293,-493.9662,72.55561,5.433626,84.008675,46.103657,35.709324,-37.231575,-0.4528596,26.192152,-29.741547,-22.375937,1.7639816,-17.626675,211.84638905693316,220.67332193430536,8.986500619156681,0.00043502598418854177,0.020607145503163338,-33.59684525747709,-34.40470736894552,-150.4654361259412,0.003112067698520535,1.412686943996733e-05,0.0007701883557468849,0.0013423616725817763,0.0023105650672406164,0.02998698247025667,0.27951925138706785,0.011463447293789796,0.01862833320662699,0.0410905807760764,0.8323726157941967,2578.7174993187123,3284.5055669721232,3754.3504238998303,6003.110436946177,24.217155632410147,1.0,-2.2188606,2.0995224,-1.3085845,0.43162367,-475.17346,164.15218,44.187927,32.189224,-8.215248,-29.746948,-40.25487,-2.7476647,12.853179,-20.376202,-7.267074,1.186041,-21.115097,199.16758691121376,216.74119752102678,10.05885958482888,0.0025791244115680456,0.046566855162382126,-25.874704693960805,-25.07635815639474,-386.87392369466943,0.003354402355696528,1.5511866665913427e-05,0.0005681147841319714,0.0011850881552784153,0.0017043443523959735,0.044364822489264426,0.46651413730248364,0.011849600432379719,0.02183836550274182,0.057306015652324065,0.6450025266303446,896.7380312939414,2729.5123686165225,3430.1903945302142,3909.083024031765,23.901279281405976,1.0,-2.055411,1.198283,-0.20339423,0.0659194,-491.27383,152.82129,61.418854,45.529526,3.2919927,-11.224258,-40.076305,-12.155783,5.766987,-22.643847,-7.754123,-1.5990741,0.33368897,236.49597527133196,245.32045196056077,5.795105812526013,0.0037130482960492373,0.05978044867515564,-24.292738329838706,-24.885807710615715,-256.83034462608435,0.002728976299804698,1.1130741029641839e-05,0.00039594503407244363,0.0007716190275065177,0.0011878351022173406,0.027333431015065815,0.2574963830358518,0.005527759302950578,0.010393156299613902,0.031686388297256056,0.7815088434644933,730.3563978960135,2802.2776655670045,3767.5665767014693,5145.9673249357575,31.139092350242336,1.0,-2.0096035,1.3395646,-0.627501,0.3014354,0
3,AVPEPUDEAC0004a3.wav,-0.008182087415988798,1.3138428304151524,140.7908396143769,0.3073837668900853,3.5979196537648397,-0.0023011011954523304,1.8991183258538593,42.11342417467806,0.30391478363987984,1.0524812808669786,-0.0009862322203325143,1.8515309084220528,142.58916613311843,0.284186506816439,3.8725178845340857,-0.0039105703120074315,1.6916384661826882,72.6147337814476,0.28027810949578197,1.745923881306002,0.0001393679095629083,2.105649900379032,60.08199540734959,0.3932516888919171,1.4482060508943606,-362.83334,189.72585,-56.025932,-12.960685,9.362192,5.415929,-27.306255,6.247901,-2.4414437,-35.40749,-1.4934374,7.5787563,-1.1104859,182.4896316539776,182.4896316539776,3.0654640717326083,0.001110514160245657,0.032902661710977554,-29.541347508445238,-29.338585817270893,-324.8455003697382,0.0033252332114411982,1.8226715558975403e-05,0.0005708142187360585,0.0011383107491360453,0.0017124426562081913,0.030325705582084864,0.29126607565974283,0.009214254041716987,0.01613089189902096,0.0416119178557101,0.728489966368848,1513.3177365304095,2144.52668685878,2701.58964915712,3957.5599357606507,18.88095203528497,1.0,-2.740841,2.6853907,-1.0436835,0.10411879,-413.88034,137.7651,-36.990814,40.903248,36.900467,20.663528,-37.1826,-25.991198,-7.332737,-22.250154,-4.697528,-8.645096,-15.998332,187.42937794122676,188.51908362693158,5.167004642166807,0.0010061260545626283,0.03099527582526207,-29.954770990368523,-30.072909963168218,-258.8629171238931,0.001943273950164768,1.0315654721315088e-05,0.00045898378376665346,0.0009144316968456818,0.0013769513512999518,0.018400852170915662,0.17789401429849128,0.006305109899447902,0.010375369838261745,0.02323685726028511,0.6987837948498973,546.9535044613606,2074.048470721606,2927.818580824748,3808.789158513255,24.861689980344842,1.0,-2.5437632,2.3878782,-1.0500637,0.21075332,-504.3871,110.19078,1.2772524,64.66527,57.8656,20.850718,-22.325706,-9.930138,5.3037386,-14.864103,-16.616714,-16.180243,-18.973373,185.92652558999094,187.03985807855375,28.893069095389073,0.0004102704697288573,0.019205156713724136,-33.85650247594198,-35.39865126430857,-73.15392613221692,0.0022651311318708073,1.26388844577801e-05,0.00060479055188704,0.0010577347000595403,0.0018143716556611041,0.02041571791508836,0.1813759981120954,0.00735901390484127,0.012958808108925971,0.028633635231871245,0.8497614401460102,350.07491655729245,2410.6574361468247,3070.9410100696837,3905.4096352281786,25.941696937803673,1.0,-1.9893526,1.1879827,-0.27989814,0.08406235,-487.4911,182.36711,39.13308,14.761269,3.4535244,-18.560282,-27.164892,-2.933878,2.1778698,-9.046359,-5.2442584,-15.67007,-28.118092,182.83842052571492,185.32601808388793,2.670617781490213,0.0006381322164088488,0.025069303810596466,-31.952392016451338,-32.481284207937826,-289.8276808941816,0.002255262773329301,1.2171728692888923e-05,0.0005110210445945378,0.0010351695199309272,0.0015330631337835733,0.013392761019362409,0.13205556802560053,0.004485210432727649,0.007509086418147917,0.016267868942699455,0.7495715564951565,464.48616936160477,925.4095326163762,2423.2999172788755,3737.656605926665,25.598296814691565,1.0,-1.6742464,0.36865932,0.319274,-0.007731731,-538.61176,152.3554,66.79336,42.24339,13.074559,-11.557804,-20.579788,-6.0107265,-1.7509981,-2.8086438,-4.2969575,-13.867772,-14.969125,198.18471146509367,200.74193354851425,2.641605899377618,0.0011574638774618506,0.03242213651537895,-29.36494660489997,-30.317423322304606,-300.1828089592168,0.0015460225943221349,7.702883227660246e-06,0.0003562682418201167,0.0006756554295415991,0.0010688047254603364,0.020827000519663325,0.19516022275118822,0.006263465352420084,0.011522373057714858,0.02684331618889644,0.7610715570331571,798.4326893827154,2559.204962266283,3964.372075305324,4380.492078709392,31.511205293190464,1.0,-1.4726996,0.1800747,0.080153614,0.21756144,0
4,AVPEPUDEAC0005a1.wav,0.03138147588577355,2.7681577785217923,18.26509787781272,2.6079126760850904,0.3895259825809639,-0.004987531275776769,1.7210226529150976,54.684564564454725,0.38292697627734057,1.422001746374962,-0.0010184000582176423,1.8952408860885026,124.16724744088266,0.3497205222426889,3.4392068325059753,-0.0020793179835965495,1.9751116063273009,40.61941612360242,0.3132891620760739,0.9792421086349395,-0.003748229297571265,1.6428297268755838,199.9256732071999,0.3718982508327685,6.0770006393493885,-201.43083,233.30995,1.809699,-10.188906,-18.49323,-3.5140402,-39.431534,-21.956745,16.426476,0.7895381,-20.444118,-17.453709,10.398927,118.35988908819276,123.43245576340102,1.2303829061252878,0.11050855368375778,0.3294161260128021,-9.557422233711408,-9.771819228211259,-366.9576192505189,0.002474247546185235,2.004736410598037e-05,0.0004954660895766369,0.0009142741642929262,0.0014863982687299312,0.01675530645567661,0.16997316162999504,0.005636031546776389,0.010281064636713598,0.0180519228833233,0.6563484024267103,1080.8551483060903,2307.701314607593,2758.9105460858545,3760.865108547633,21.92609816711736,1.0,-2.7476387,2.8402376,-1.4138778,0.32615706,-382.0941,138.01347,-46.58383,40.20905,33.177284,21.791374,-46.619705,-26.126047,-7.0116224,-22.020657,-7.542659,-11.428879,-16.26509,191.14895971204768,191.14895971204768,2.281527236387982,0.0015547876246273518,0.03876406326889992,-28.067241539694592,-28.28698398228974,-291.83035679663567,0.002195578601316179,1.1487855426730944e-05,0.0005860103223810308,0.0010995884626066837,0.0017580309671430875,0.019850403638096193,0.2104043029004331,0.00698035697019052,0.012589545176675614,0.029240748724422273,0.706235833082857,549.7333617522855,2112.7339455615397,2818.4791993651734,3746.3903725260375,23.455386737902828,1.0,-2.6701899,2.8353667,-1.5643929,0.4055031,-496.2718,113.498695,4.0639234,63.786037,55.83408,28.162537,-21.621014,-3.2294226,8.839687,-21.666718,-21.2511,-26.039654,-26.520332,180.84323434658492,197.9500267847754,20.277694047394604,0.0006792228668928146,0.0257021002471447,-31.68321378039163,-32.44109983068175,-54.25986847640616,0.0022108091305445207,1.1392577643186942e-05,0.0005152849011734238,0.0009415148165076834,0.0015458547035202737,0.023121480639384913,0.22802584931115336,0.006667488608253242,0.010674785597997257,0.02471539652267257,0.8190465207062084,2465.681610448979,3157.81195793935,3751.279808906878,4554.878887743076,26.40028532120323,1.0,-2.0734332,1.5207962,-0.73195577,0.28759804,-473.78558,184.85828,33.65821,15.840184,4.1834393,-18.879879,-30.746593,-2.3914459,2.9082253,-11.651772,-5.1273074,-16.411274,-25.574984,177.08062527871192,181.56367908323628,2.575326539059731,0.0010070254793390632,0.03135982155799866,-29.963505996583706,-30.502324514014983,-39.36607496218428,0.002213934610775594,1.219616596416877e-05,0.0005479974264583256,0.0010467564947814838,0.001643992279374995,0.013441106478768379,0.12659563482063071,0.004815578902673098,0.007251881650143897,0.014931782318472392,0.7116339451593953,503.71847683567654,923.288487398387,2450.3199184577734,3800.748262883273,26.702882762407096,1.0,-1.7917227,0.5658965,0.2744255,-0.04265721,-516.51263,160.3738,55.25749,40.95184,10.210754,-21.77678,-30.002138,-8.260681,-5.982326,-4.4124503,5.240745,-11.441316,-12.945535,190.63706898753148,193.06556668164015,1.5482983325269333,0.0008439189405180514,0.028542015701532364,-30.726981379969214,-31.514066511890217,-526.4807925400642,0.001556865173675224,8.064438591465097e-06,0.00036522156818396813,0.0007880772531318321,0.0010956647045519163,0.01598285353461987,0.1552698260732746,0.005781890454269465,0.00959177249929479,0.01908708354269006,0.7969975808252924,777.9892672018815,2536.6910440693837,4009.458008378703,4505.874960550281,29.674415982889904,1.0,-1.6870441,0.45009965,0.19184306,0.0496435,0
5,AVPEPUDEAC0005a2.wav,-0.2003582707144888,1.0192348984053152,218.72301924738798,2.1455609923076318,4.103179873187071,0.010701362674126524,2.27665267610834,30.04819574856904,3.005610502542895,0.6518542246608251,0.029641645264357565,2.3641924147592057,51.382264818096196,3.084066627591037,0.9010573489344363,0.03231460858067687,2.576968009613113,28.65285544387647,2.802624877918809,0.6324458471658138,0.026938276550100233,2.3934046512161498,66.13337776920852,2.6286432285554615,1.8270887453783469,-204.24626,214.84225,-4.171666,3.7667048,-28.710772,-2.3227274,-36.82568,-22.444654,2.9102025,11.749034,-18.015146,-17.67915,5.495032,128.00603021167024,130.12183236392923,4.639773971204555,0.04853066802024841,0.2175750434398651,-13.12521918289065,-13.385408874345826,-116.5365912847583,0.003919735305367542,3.0165064758290608e-05,0.0007855428184935591,0.0015418772547122538,0.002356628455480666,0.0199191354038393,0.18894938541537462,0.009557383158553593,0.016492641704136075,0.030382872834955683,0.7244244632051071,818.7023232706688,2302.098393944547,2882.752476778021,3491.3378679605503,18.10592645293697,1.0,-2.5057492,2.381928,-1.2041278,0.33517802,-178.79044,203.25244,-18.451653,3.127438,5.210994,28.074526,-25.052366,-38.390244,-23.076128,-9.535109,-21.299368,-7.178493,11.174787,131.09098598779198,133.4111804300538,2.1278472254501284,0.10009335726499557,0.3111705482006073,-10.014446257043929,-10.676155659663948,-174.48344286387817,0.002257738671946515,1.6927786965204288e-05,0.0005070890688319298,0.0009419442985101332,0.0015212672064957749,0.01388753682391994,0.1484245653981426,0.006678009259515925,0.009271536761215702,0.016072622740438965,0.7037137038428865,523.1286708309475,1615.1500859247762,2237.5687207663855,3116.683639804961,22.072622214547014,1.0,-2.4874163,2.3267968,-1.1428734,0.30878362,-241.245,164.46118,-32.824825,44.416737,52.27919,36.960564,-7.5541506,-31.825068,-25.333519,15.741365,-18.15792,-25.786966,-16.757103,136.34490690350066,137.4018441663185,7.438465708570741,0.054767049849033356,0.23100124299526215,-12.60689691349162,-12.852508231684713,-65.72662899122406,0.004923830982957132,3.596964490857215e-05,0.0008425478666608337,0.0014423014991603487,0.0025276435999825077,0.034178667818674846,0.3293105876018242,0.019834692001331082,0.03066518581440789,0.04744659220856134,0.7957287112526286,1940.8420367408494,2382.6945220441917,3084.3657729916613,4686.9826882048565,23.065909442792954,1.0,-2.63184,2.5580025,-1.1341453,0.21038593,-253.21727,219.92804,30.46203,14.514878,-15.67604,-3.7595093,-32.212193,-41.428757,-6.280778,23.986603,-21.537601,-25.263891,-9.350422,134.41485951973604,135.56370447289618,1.9103403133147014,0.09360948950052261,0.30474311113357544,-10.2744157151978,-10.949556282932873,-553.5182779073155,0.0019053146933635154,1.4057620065686155e-05,0.0004684292614490484,0.0008849162844093361,0.0014052877843471452,0.011106036985493858,0.10755251396842831,0.004034636705305158,0.006468935109785294,0.010505218610315125,0.6993650154333948,910.9277764739251,2160.388089367954,2888.3614925740126,4096.459395255873,25.92974479490484,1.0,-2.4492817,2.275045,-1.1810517,0.36010972,-350.9544,179.79248,52.598553,46.6607,13.904746,-12.108757,-23.928104,-49.3421,-29.235905,11.609604,-5.5824804,-17.330126,-3.482231,151.06726427840186,152.14631616610475,1.3806565563501345,0.05071396753191948,0.2233610600233078,-12.930075088624804,-13.363463607366782,-221.76720292733714,0.0021089859496196063,1.3862727956787334e-05,0.000532258501522277,0.0009811952035942166,0.0015967755045668338,0.01216868977340129,0.12048702697415556,0.004190426009979125,0.006421508874741689,0.012426041302713926,0.7640848724534276,660.0658403826204,2029.100970168961,2830.459753354491,4296.5993378472,31.854841948053494,1.0,-2.4890425,2.3216128,-1.1626726,0.3321917,0
6,AVPEPUDEAC0005a3.wav,-0.12054494224889416,1.1691807922868842,131.0813948368908,2.085375011403559,2.6273593461006644,0.02080995264515187,2.421316431612259,36.24518594810866,2.5963430040718607,0.6644875086513895,0.05448805518728066,2.5992739709686687,53.22501971581884,3.2427675381592738,0.8931630136376087,0.03331774963518201,2.6308035282097686,30.948216098893322,2.7803630112290234,0.6392973181392477,0.014508948575286045,2.2378980625611056,67.3143212796588,2.208195491280289,1.4970551328116377,-223.22798,212.89253,-1.2627168,0.7011421,-22.4893,-2.8271742,-32.435604,-13.032287,5.159167,13.370826,-22.355688,-21.529745,7.7234273,136.36865087524077,137.57545309537565,4.251742127957659,0.03897816687822342,0.19238141179084778,-14.064363152719011,-13.977311977944247,-141.66184562678208,0.0035068508669382735,2.55161163922084e-05,0.0007210144782173379,0.0013911565376406652,0.002163043434652019,0.02034422362975687,0.20968639494770155,0.010316413872531632,0.014981852788439854,0.0240172162312319,0.7357326730743002,577.9076215693119,1082.73415073092,2313.8092498935357,3215.5725830511014,20.368072661060555,1.0,-2.3467002,1.9997697,-0.9161875,0.27058166,-238.59698,189.38538,-12.690124,15.03403,17.898756,38.302113,-7.3944526,-39.576576,-31.321905,-0.5444312,-27.994898,-16.51385,-0.8795479,136.81652966309503,137.72259939596321,3.177432359716766,0.053207360208034515,0.2252877950668335,-12.731090579810393,-12.86571201906751,-224.06098018807842,0.00265668492113105,1.9301015198112514e-05,0.0005120514773261575,0.0010530985259695415,0.0015361544319784566,0.014646314785626148,0.16095427088051414,0.00621037622225428,0.009202218966797229,0.017279423840131973,0.7596774138794224,432.7676926587131,1593.0672932165155,2189.0328608978566,3125.3889775882185,24.784120885074813,1.0,-2.4567044,2.1524003,-0.88407624,0.19168498,-231.0727,158.22202,-53.730236,54.53224,52.821434,25.420883,-10.389124,-46.03129,-26.0943,12.446137,-11.079924,-19.468317,-14.85296,144.11370596682212,145.1972676658208,5.734364540487183,0.056759562343358994,0.23423556983470917,-12.442370892567316,-12.533178859005819,-144.61731590940633,0.004307018466642546,2.9715571192537007e-05,0.0006358789751440333,0.0013794326595530934,0.0019076369254321097,0.013357250613816846,0.14033000162023448,0.004654011989761353,0.007435790415778499,0.014525164619777747,0.8192261721930071,1903.284943285264,2388.1862128229504,3127.773623475797,4569.918427014645,25.485909725276308,1.0,-2.978795,3.4363692,-1.8483002,0.3927828,-274.739,205.57426,40.941807,22.438307,-0.09006743,-11.921184,-28.0492,-40.74294,-14.18027,23.906008,-6.454865,-25.913687,-9.428458,139.7056979086119,140.72544752838274,4.13574769991582,0.08049111068248749,0.27999645471572876,-10.930645202178344,-11.443742880501551,-445.3763916011701,0.002820812413304374,2.0063422981171787e-05,0.00046641053616933484,0.0009207267064732932,0.001399231608508009,0.01432417751905449,0.13009310968401325,0.005003681484588386,0.0074737753937805665,0.017670351441741942,0.7148343859552936,824.0354204953986,2132.4738868737977,2735.969792994645,4349.896848685102,26.673953993197184,1.0,-2.3628592,2.009047,-0.91171587,0.26946366,-368.30798,190.9983,59.280014,54.17765,15.496976,-3.265836,-20.624098,-44.37659,-27.165283,18.83865,-1.3610262,-16.604626,2.0392153,144.49120181914265,145.61128865494996,2.269917498718798,0.02933250181376934,0.17049027979373932,-15.312231927090796,-15.98689750750005,-315.40072079640544,0.0018582469189676542,1.2764914278592655e-05,0.0004129274259398366,0.0006941507692876831,0.0012387822778195368,0.011091617003082433,0.10435983989282249,0.003215428500767193,0.006057597977858698,0.012251514375405876,0.7943587561537369,665.6022851466337,2130.611840130576,2827.7862003170985,4369.932084239753,31.760727870188703,1.0,-2.2560918,1.8440775,-0.90309834,0.31773996,0
7,AVPEPUDEAC0006a1.wav,0.005602207945168694,2.7950722628634037,12.454498604060618,0.17353097700584405,0.43376347220993894,0.037089350012358434,2.7410302629257353,32.1999084309981,2.6472198705944243,0.5635770838446975,0.05827333874605028,2.596278159257229,56.20451991638902,3.3339277463185972,1.0191436310017492,0.04288592670585872,2.7245920910712935,30.150142438608228,3.0192166792186823,0.625211281432783,0.02723050183267726,2.3415561773724796,66.51634335420296,2.8781010336035475,1.783877887382513,-337.1129,151.7529,-78.24854,2.6603575,-26.204103,-32.467308,1.3391302,13.84071,-9.951661,-5.557923,-11.676798,7.0800705,-4.400814,173.6646855856087,217.6923523537912,3.454216216454717,0.0013685522135347128,0.03511663153767586,-28.629626528908894,-27.772559250094194,-113.06578527381656,0.0025994013677150935,1.194372457515418e-05,0.0006857731031023146,0.0013617487852997888,0.0020573193093069006,0.03469219545331974,0.443240581556562,0.014705887847350331,0.022708459386315636,0.02715912925553609,0.5796445424878488,1210.427339107537,1976.611596723633,3221.326854211811,4023.361502224399,16.571738673167385,1.0,-2.878882,3.2504776,-1.7416246,0.38251647,-243.4699,183.94913,-13.65909,17.600391,27.070463,38.293636,-9.062411,-41.554592,-30.784843,-3.6216786,-21.386711,-12.011749,-3.6762125,139.75425100943932,139.75425100943932,4.937267272994839,0.05942296236753464,0.23968753218650818,-12.257339798993407,-12.723456884348378,-98.63536256786033,0.0035101968711402595,2.515217085681315e-05,0.0007170297886623418,0.0013176291134505875,0.0021510893659870273,0.01763282415100338,0.18764869805821044,0.007127781838456512,0.010557404939651934,0.020579267348611787,0.7387048398667059,429.59805133192833,1708.349857511167,2293.9092889373474,3208.5103578536878,25.891315882465488,1.0,-2.460601,2.2249694,-1.0257072,0.2647324,-217.97029,147.06195,-60.997097,65.35809,56.522923,26.705214,-10.349946,-42.50701,-22.244343,15.128379,-13.648928,-16.52101,-12.199831,144.1345995195485,145.39893811182523,2.70640791186648,0.062258053570985794,0.24668756127357483,-12.03945370670793,-12.241467727089464,-432.4052781447844,0.002304720324525088,1.5856733300648013e-05,0.00042900611096014277,0.000923336322554775,0.0012870183328804396,0.012254313866882936,0.11890269222512709,0.00420020523545328,0.0067283025163427605,0.013597862057772876,0.8138294043784358,1919.3656844732727,2470.620779656072,3228.7685067562807,4569.674591619774,26.399484669994763,1.0,-2.984716,3.5260372,-1.999165,0.46041194,-281.59622,214.42305,49.26718,12.861623,-5.572191,-3.3760242,-31.033937,-46.47781,-10.023195,21.06038,-13.347276,-18.136482,-10.1072,138.18326810704258,140.5056759743878,3.3931342650793637,0.09767156839370728,0.30995529890060425,-10.085774407785662,-10.622510371270081,-391.8272276118394,0.00280737572322779,1.9993075252011802e-05,0.00047668983686094684,0.0009855159347928633,0.001430069510582823,0.013204960718817299,0.12073499514988695,0.005497894868634525,0.00855382740249031,0.016921065461787496,0.7075542771891102,820.7721580928585,2129.5524397876143,2898.117943195115,4229.447155631423,27.361710697315946,1.0,-2.327238,1.9313859,-0.8632524,0.26323095,-346.52,181.2718,48.813625,40.536526,12.805454,-13.754273,-29.030607,-51.41755,-28.92042,11.398,-5.2361317,-17.02474,-1.876424,150.81053183213854,150.81053183213854,2.284972535964799,0.05954880639910698,0.24230869114398956,-12.240377346895247,-12.84788734959132,-360.9140480945833,0.002150883278440867,1.4265569040810994e-05,0.0004530706951799078,0.0008387524571511489,0.0013592120855397136,0.010482122401251608,0.10938399675069377,0.0030273839710634985,0.004468309386393996,0.008924757076201785,0.7679417532652129,699.2015399030191,2127.613672706053,2872.651239707815,4391.386774133679,32.61949179661258,1.0,-2.386358,2.0031304,-0.83473945,0.22008839,0
8,AVPEPUDEAC0006a2.wav,0.0013289345968939194,1.8743857211114872,43.1598581981323,0.2687603416944354,1.1748947734729762,0.011276967878530478,2.6177670667246096,39.12714310725016,0.5857162070630542,0.8527312375875378,0.0015783201987614012,2.0811710891515363,68.46804289406877,0.5531943475913114,1.5193934581320414,0.0029162058688994145,2.215616447376557,42.72446545747635,0.2773186882703533,1.4311899340037681,0.001032253477330474,2.1726827879497286,66.78769490738125,0.5856308923973677,2.5316961338917956,-390.54962,174.00264,-37.917397,-1.3392776,-21.568846,-23.771553,3.0227385,8.379644,-7.2425623,-8.6739645,-9.956729,-3.5021875,-11.846437,198.70189918266362,198.70189918266362,5.201327905034908,0.000969149055890739,0.030296720564365387,-30.102576628924076,-35.137351065965234,-51.26368756335891,0.0032650205908205713,1.6443439844307994e-05,0.0008843431471020866,0.0014571871382048824,0.0026530294413062627,0.034313332737216616,0.34080180933430665,0.013582997183014546,0.023398731043662524,0.044401425758655653,0.6815758948924531,1512.1765307898174,3193.823133175128,3463.9302189340715,4035.360611706545,21.038930600915716,1.0,-2.4669561,2.0296288,-0.58004814,0.023250883,-345.17487,103.54304,-48.525192,67.79176,24.098438,10.479613,-37.106087,-21.48849,-8.507239,-9.928708,-16.17625,-28.999191,-10.882341,201.99409581299986,208.4066067911903,3.840374228274788,0.0032840564381331205,0.05293158069252968,-24.835172396058482,-24.81311305778917,-192.99815587467535,0.0033195304953311825,1.5933561024533838e-05,0.000970893189843673,0.001974183624645515,0.0029126795695310513,0.044930996086161634,0.46919059946254316,0.015866585760462598,0.031073447113746287,0.06482189106975077,0.7118963826867678,442.07545813081765,2328.9539453140405,2932.4749240903907,4128.58884708939,19.533818513230386,1.0,-2.6660511,2.8552728,-1.5411239,0.35763124,-444.48633,83.67655,-24.323103,85.13294,54.211903,18.042074,-22.621199,2.355484,3.39727,-20.138454,-27.46197,-30.467232,-14.86896,206.49764711353689,209.99760723410535,2.4792406116869983,0.001909854938276112,0.042036790400743484,-27.16126774437037,-37.1138711739533,-350.68345744000305,0.0024280608963831844,1.1563959671763925e-05,0.0006909995110038357,0.0014133664208943887,0.0020729985330115264,0.03348432915542208,0.40301872751523005,0.010944598634419055,0.02090146442238268,0.04372540542864154,0.7866227373429933,2505.8224828605894,3144.7351156807954,4349.00341739586,4413.685798537351,26.204765130515003,1.0,-2.5071957,2.3747082,-1.0846226,0.22000992,-448.0104,149.50159,15.893551,26.041965,-22.425762,-45.495586,-25.441202,13.007571,-7.8875422,0.9094501,-7.625865,-23.403751,-17.540075,211.76345994429357,220.77467100575288,8.412666967024125,0.0011153867235407233,0.03098500333726406,-29.52478536445308,-34.711152337945066,-466.3177275032398,0.003096669643662905,1.4046481195936688e-05,0.000613508808957901,0.0009799708458859515,0.0018405264268737457,0.041317946505010104,0.41089951951542625,0.012840168464089731,0.0271522273949363,0.05578775741179519,0.6460321556795372,0.0,508.2028915580686,1047.2611888727802,2898.6125523160913,22.423013489896114,1.0,-2.130273,1.5350027,-0.61642134,0.21940851,-483.4502,156.1742,69.00223,31.8941,-1.1266011,-18.30825,-23.967823,-14.327918,-11.28657,-11.278104,-13.447836,-15.755693,-18.49334,186.29577547295943,198.7154938378234,13.171029786722546,0.0037558870390057564,0.052844226360321045,-24.227581668641523,-36.55204999304815,-150.5291270111901,0.008642680549728006,4.3693112002416175e-05,0.0014183204245054501,0.0025340488831165444,0.004254961273516357,0.09084969001323293,0.8441833487776076,0.027025937636810826,0.055349080985808805,0.14112580959992566,0.7094488418588806,405.6840093328474,813.2859706263121,2635.438010279961,4127.809303428678,18.436760133758792,1.0,-1.7160136,0.8407445,-0.51454234,0.39541215,0
9,AVPEPUDEAC0006a3.wav,0.0014593656366441886,1.6045184591834931,104.02330349842258,0.3508650706582185,2.6041577956733644,0.00805302578504922,2.6380261029318093,38.816633657486335,0.5203801094877888,0.8550977896140503,0.008896021599772588,2.7818814961508695,36.45935595664619,0.6091329955531005,0.806527379985582,0.0013943058157072684,2.08060115264123,47.89560372303243,0.33357591711251056,1.3351944771562723,0.006672182437729394,2.78931839617157,34.32004763217961,0.5200628489886528,0.5914170190562358,-380.10077,166.56117,-39.372955,4.419236,-13.56689,-15.512866,4.4663706,16.201168,-10.77391,-12.034059,-7.9910364,-1.0343972,-10.146125,192.65561439826902,202.97645088389064,4.784826548488671,0.001120023662224412,0.03186897560954094,-29.46907325954104,-35.137351065965234,-328.9651159925333,0.0032922399072722566,1.6229054271575576e-05,0.0008603939801802606,0.0013687527240741888,0.0025811819405407816,0.04278687672536176,0.47260899510530924,0.017260444235553497,0.03486256341397348,0.06334091188611346,0.7596580206228809,1283.7775154975945,1805.280021354327,3275.32776582327,3987.3681885904875,20.30626052183889,1.0,-2.5137568,2.2168903,-0.8022995,0.105699435,-381.16605,124.64413,-40.422665,53.632122,38.95105,15.070921,-36.250652,-20.057076,-8.137066,-13.302416,-9.73032,-25.715855,-12.132773,200.22666492051286,203.62033720730116,2.6728548171206272,0.0025474014692008495,0.04944061115384102,-25.949686729757893,-35.10457435390688,-254.85825386377388,0.0030546117351099183,1.500408668697247e-05,0.0007964395340006132,0.0016379749154802764,0.0023893186020018642,0.031544527773514665,0.3083297188176998,0.011410491420175303,0.0219661763706681,0.05239236045418565,0.7091701625044544,2266.7115027469345,2292.2999723639477,2949.4013937430996,4283.684942390988,23.267977711392724,1.0,-2.5212827,2.2958713,-0.9041704,0.13278587,-446.29465,94.50218,-10.038369,81.07228,51.0589,15.199169,-27.664165,-0.23978925,-4.355139,-18.46971,-16.911432,-27.119827,-13.0304365,195.76286473201336,201.78633749299837,1.1405352303729734,0.0035731818061321974,0.058213766664266586,-24.427124881476864,-24.572675630579333,-463.85463571634835,0.0017085160263751247,8.46722795734793e-06,0.00048302291027126684,0.0009005533370682591,0.001449068730813781,0.02275603879317007,0.2858765435485111,0.005894904825811177,0.010683736473595497,0.02444412284596656,0.6943721785243784,403.4377743657948,2487.1179763031864,3156.330222865917,4345.090539912596,29.483456476662333,1.0,-2.3410962,2.0810125,-1.0838374,0.3473722,-457.59534,159.75783,22.214258,18.169754,-6.7821774,-34.017574,-25.527895,7.038179,-7.698093,3.699228,-13.066827,-26.471321,-21.811525,220.14164173702466,220.14164173702466,16.79933620981539,0.0012463905150070786,0.03290480002760887,-29.03286483118208,-34.711152337945066,-221.94801125605875,0.006015339201978252,2.7487871896134016e-05,0.0010474049437874976,0.0017081743233134262,0.003142214831362457,0.06290014794492933,0.5470810030099182,0.020379928809814207,0.03933235563712071,0.10177926771804902,0.6970113447736966,0.0,433.5476644564187,987.2292477773066,2633.3726646234973,20.130507005648255,1.0,-2.0246222,1.2466687,-0.36952886,0.15397029,-529.5275,156.56786,65.209984,38.066242,12.067992,-10.060824,-17.050035,-8.709048,-11.92156,-10.977926,-11.017941,-16.186478,-21.66015,202.62025433913465,202.62025433913465,9.879146360780071,0.002058608690276742,0.041296008974313736,-26.80679821386706,-36.55204999304815,-354.6591102725779,0.005381572838101365,2.66278641930264e-05,0.0007034354630095817,0.0012888686089122853,0.0021103063890287334,0.048311779977210395,0.600359952594671,0.01615525731145914,0.033468682958368134,0.08347635411972973,0.7335409313769494,867.0841973228784,2543.9831685167437,4021.741005502782,4611.67658540044,22.666023285662284,1.0,-1.4876145,0.19563547,0.08974862,0.20732427,0
10,AVPEPUDEAC0008a1.wav,0.018987357066179364,2.619307794757661,17.152052573765655,0.6470097637468761,0.675956845429549,0.032492417117441205,2.5961237575972236,34.71870108554732,0.6584243237450896,1.3409574053556643,0.015440528102980964,1.9500079503468373,69.78266462262383,0.3711680367742119,2.483391101066151,0.015091016674978319,2.546594568230611,29.657842692485765,0.9355773945499096,1.1192098289538912,0.004534714134846868,2.5239500383725617,33.441735248794146,0.38446076442024635,1.0959670234249317,-259.84448,149.92593,-83.12168,2.2521868,-32.888577,-39.48599,7.5174985,-12.12136,-7.5696483,-12.322688,-13.963136,13.028081,-11.412375,154.48022302762072,234.89458569953283,11.961548051910855,0.016539135947823524,0.12499586492776871,-17.79454642721541,-17.21249547896905,-113.82673566495379,0.0029561203546667743,1.2619594012693079e-05,0.000556465371502304,0.0011470666323931244,0.0016693961145069188,0.025083893168240147,0.2306505346025985,0.00799815279058209,0.01653661493047383,0.04997228264289956,0.5834122691956101,717.7841386674639,1350.7261203017358,2572.722177803335,3701.391796214064,21.06522879250487,1.0,-2.9159474,3.3014588,-1.7523034,0.37537277,-274.20337,90.579056,-65.136314,26.86957,12.751991,-12.365129,-61.1946,-21.105505,-10.303889,-4.5631104,-33.509846,0.09859182,-8.850451,80.08888790648864,243.90706771521545,6.368673783884377,0.010212395340204239,0.09759049117565155,-19.89722048549337,-19.46709314266394,-159.1452696633216,0.0044006071336019255,1.8054715230335248e-05,0.0010094620421522136,0.0015826833053798016,0.0030283861264565853,0.07354863313220276,0.5620239505816887,0.02767306093998253,0.052438294092566666,0.14921172924565976,0.6047400504055,2399.5081469224565,2779.1934250640084,3483.6318324714857,4588.886607099689,20.907890917698346,1.0,-2.2539287,1.7159756,-0.46672094,0.02336617,-332.33987,55.57499,-52.57782,74.72886,41.804928,-14.791026,-44.21655,-7.508318,2.7522552,-28.637135,-47.14996,-4.2850003,-21.60361,35.36870703967378,185.09623350762618,57.93571525975789,0.00243997760117054,0.04826060310006142,-26.117636161105313,-25.544312702432723,-42.0688476991951,0.002374239324767802,1.4152096325124908e-05,0.0009101795433664442,0.0007904490601254424,0.002730538630099346,0.02468061051804754,0.17094210106879473,0.008916516222402748,0.018428288172913906,0.04350146359076371,0.6660156988925262,2390.4967352606122,2640.9910465040352,3253.6316051045947,4257.859401066357,18.233746977449556,1.0,-2.3091755,1.9561508,-0.6884927,0.07303362,-323.42892,119.156204,22.988186,35.664505,-46.65322,-25.936472,-58.83247,-10.628875,11.635905,-19.790443,-16.383844,9.650922,-15.686094,175.7420998005875,246.03893972082253,5.20581693568742,0.018758036196231842,0.13138771057128906,-17.25242715405399,-17.92113771268303,-337.15868268054504,0.002188339121834254,8.898516333124023e-06,0.0003899821925547618,0.0007856804945842827,0.0011699465776642576,0.024913794111986343,0.19558782897259266,0.008733230235882003,0.014980443022411222,0.032914998932149525,0.5990746054301979,952.904625892966,2931.0257305361533,3801.858821336167,5017.942425074081,27.825087159503727,1.0,-2.387047,2.4805496,-1.7427142,0.6586804,-455.33167,122.948814,55.499836,47.079483,-13.122681,-10.961753,-55.70753,-21.825378,0.56894094,-36.439674,-22.7138,-1.0450355,-5.6307325,62.76650658763402,225.56713304930975,50.691158650907546,0.0024102693423628807,0.048167407512664795,-26.184061578421307,-26.547510930214443,-30.441094856665323,0.002184996284730533,1.0444842500575928e-05,0.00047188938222109795,0.0007578301252748942,0.0014156681466633051,0.023956077286637078,0.28060974980083603,0.007540373436022916,0.0073440920903155935,0.049015122812827064,0.636260563618921,506.2950247507644,779.9607785648907,2805.1837791110574,3653.050253751474,24.46668111099375,1.0,-2.0233378,1.6600931,-1.19395,0.5654645,0
11,AVPEPUDEAC0008a2.wav,0.031028667934559315,2.946792071219501,15.954343638129155,0.8470325985619134,0.5662604699042042,0.03971119263492395,2.811033359141534,33.17394950748297,1.4075208447640384,1.0937900600706554,0.004119058215022003,1.6817061646998437,14084.150551186967,0.7704913531921448,7804.890322731135,0.026734156587022346,2.5908513588849584,28.515356717435207,1.428180932967899,0.9585340303219945,0.013049525219477965,2.821996363747257,29.316721751916717,0.6596184040773215,0.9143414414901115,-264.3744,156.6496,-77.58512,3.5409322,-32.132286,-47.52343,7.1429195,-13.470922,-4.2221713,-5.159613,-23.815731,11.214048,-4.9640126,161.13861344031258,228.6426271788218,13.715818413602593,0.02768322452902794,0.1562655121088028,-15.575207831288404,-15.03328763091182,-276.11098178264785,0.003392810562129481,1.4892927847578165e-05,0.0005775653251139403,0.0011722322692502038,0.0017326959753418635,0.033681983778661335,0.2692062333243076,0.009589945552271217,0.018137170893304622,0.039136797250589724,0.5663303014085913,707.6426415277934,1270.8503497144422,2515.1215114046586,3680.0926217538968,23.238183655383136,1.0,-3.0495229,3.6632447,-2.1074052,0.50115204,-258.85095,102.88757,-61.76818,49.087185,8.099846,-3.65097,-27.53359,-45.05034,-25.261448,-11.537541,-5.2902203,-26.661142,-16.23076,218.16194140885582,228.97988891673296,16.297415502784474,0.034122563898563385,0.17591097950935364,-14.643516897843877,-14.267852403293316,-318.5061266305351,0.0029409661183780406,1.2912652053060193e-05,0.0005647722941351096,0.0009710577488468978,0.001694316882405325,0.024436564134780726,0.21420600284424532,0.008623368892979846,0.016092226291951114,0.034600591662827904,0.6272961965096328,2130.1152970855014,2661.153389416228,3978.2341893026323,4383.6063238101615,26.02717008988123,1.0,-2.9670155,3.5758429,-2.1489985,0.54517126,-325.48203,74.23494,-49.19425,69.5318,28.505558,16.837801,-36.14555,-16.99491,-12.682279,-12.252741,-23.901695,-23.416174,-22.531204,169.7706630586862,234.4452013667571,16.21223563715526,0.004193869885057211,0.06069563701748848,-23.757255639694634,-23.90001476588781,-204.90380113673518,0.0036123601621561906,1.5487636958030478e-05,0.0008475671234846606,0.0013346774738466297,0.0025427013704539918,0.03512380884561649,0.2671950294603537,0.00971024684215958,0.01925144412944612,0.05492594939234021,0.7508398391275807,2218.4616666992283,2529.7743899523475,3765.388547070913,3938.2224340308376,19.201312604332138,1.0,-2.4762022,2.6201777,-1.5930872,0.46183112,-318.32968,137.27802,-0.59154767,34.751083,-30.641346,-46.571766,-26.701511,-35.32286,7.7789617,5.0671997,-24.896002,-9.790565,-13.1170225,158.15475398839925,225.06638067579894,18.225093612912822,0.04038774594664574,0.1857438087463379,-13.914527858446524,-13.033692212472332,-41.717674062013366,0.0044591773945160725,1.9949870829719016e-05,0.0008556603347438332,0.0016326006409196634,0.002566981004231486,0.03382835984329584,0.36782144487369806,0.007719982278203587,0.016850429510153617,0.05017632607240224,0.6100010497258367,958.2584922882254,2458.031750998811,3646.0266480982386,5096.438226285686,25.830749729246744,1.0,-2.9364312,3.5467625,-2.2600842,0.65513074,-406.95212,133.28087,36.99489,61.13252,-27.891369,-28.327164,-28.076307,-45.051884,7.426147,-16.604294,-34.39223,2.396825,-7.268148,115.45393903766819,237.97648658784672,9.90442110669836,0.007603138219565153,0.084568090736866,-21.17890672040204,-21.149813962653663,-400.8950660538569,0.004323300999135958,1.819926360463828e-05,0.0005571605371104354,0.0011681029119326185,0.001671481611331349,0.040859877027133264,0.316692075094856,0.016464002112817278,0.03286568387175503,0.08286277256709754,0.6229774126685522,499.05964292351456,771.6657670948307,2647.0484953827327,3643.262442073705,25.5069522208149,1.0,-2.4571998,2.4404635,-1.4608334,0.48324263,0
12,AVPEPUDEAC0008a3.wav,0.026033725722658243,2.972648677695233,16.902575784624805,0.7875022127421482,0.5856273399100073,0.04051000222344563,2.800781670261116,30.622203404233627,1.2745045125986527,0.9205935937598007,0.008861886676768727,2.1210993860406684,50.369229272663304,0.5816891494844204,1.4674198529506894,0.020798827322667145,2.462352854441073,30.9292950092877,1.3200508438509364,1.1472579211408016,0.005957258026050241,2.4514030576963486,36.93049763761967,0.47645415366743665,1.5879760893296058,-276.7927,168.73242,-71.16546,-1.7667295,-28.706835,-40.39427,-0.33979,-11.256333,-10.090016,-11.587536,-18.364805,7.9136257,-3.1913407,206.67037674886043,236.19471628441192,13.78814574807949,0.02152388170361519,0.14058874547481537,-16.66472281845314,-15.812339546547003,-31.819130153506528,0.005047864886172017,2.145585555338848e-05,0.0012407374551387858,0.0018815527333754076,0.0037222123654163954,0.023499920355264447,0.24777872818809207,0.007954680017845354,0.015029864704781437,0.025387979169964412,0.5782755569068865,1314.100047211717,2601.502413482663,3652.3870203381894,4299.731726197814,22.33197318898006,1.0,-3.0824857,3.6818793,-2.0620496,0.46808022,-252.56236,108.58742,-69.35407,47.881058,-2.115091,-3.4633746,-21.952124,-47.181545,-25.90504,-9.396047,0.18142572,-20.998383,-15.334241,204.42666228896812,231.98980776613232,15.679982444767028,0.028536204248666763,0.15698586404323578,-15.436772330144176,-14.204998763424447,-153.4986049495054,0.003431355868400582,1.486306747543544e-05,0.0007664829881237739,0.0012818686987849759,0.0022994489643713314,0.03327906790662939,0.2993616889580153,0.012771083623249113,0.023568419039360293,0.04821429366539606,0.6266937484811509,1992.3716586690473,2538.710957225435,3934.810754735506,4679.559164135285,22.90619667457344,1.0,-3.0085392,3.6725063,-2.224297,0.5662426,-324.2878,80.780304,-51.6141,72.05784,27.624,13.408883,-33.12818,-14.497706,-19.976465,-9.600741,-20.850471,-23.80951,-21.69464,145.14025364520435,241.1200987976782,11.006946934881318,0.004157401621341705,0.0618225522339344,-23.813428721251118,-23.890509054177446,-346.97159506863426,0.0031547998661608694,1.3112798865046775e-05,0.0006530407213110584,0.0012292524922077827,0.001959122163933211,0.034053896153896646,0.24262243572350903,0.013149220158402655,0.02392299469148194,0.054410818140579305,0.6889023968426119,2167.1412744811923,2549.178276603895,3859.954871854969,3868.944120624975,20.32060142690209,1.0,-2.4914186,2.5088987,-1.3183479,0.3132344,-319.76562,152.62071,-9.206053,30.025879,-30.35378,-45.25316,-28.508884,-37.089878,7.4674764,1.5911146,-26.935848,-5.4322643,-16.31398,191.69449287646435,226.15642418009838,13.628356692019988,0.03590436279773712,0.1840326339006424,-14.437690939533,-14.489159691188172,-234.0935651014525,0.003108248154401161,1.3797412009233063e-05,0.0006531025184447899,0.001013898911358731,0.001959307555334338,0.023946684151407705,0.2260907110089072,0.008263797261729893,0.012820026908696732,0.028773856259805084,0.6040583194379304,936.6999559774533,2539.199789871191,3710.2076125654407,4079.626197620685,27.988368786129595,1.0,-2.8433416,3.2985053,-2.0391018,0.5897918,-417.34778,143.09291,39.03779,47.85227,-34.226982,-15.746846,-39.80044,-42.35224,4.3047333,-12.840884,-34.33655,2.8816082,0.23527075,25.750122083071986,239.10827648566845,3.9460105175243014,0.004586007911711931,0.06716860085725784,-23.41078846000977,-24.322337207394032,-1599.1300429087348,0.008466972881624199,3.54203617675161e-05,0.0008645937323955392,0.0019926056159493936,0.002593781197186742,0.039730169226042264,0.36956384778022766,0.013797204222134665,0.020081794626981363,0.049015122812827064,0.6054939894125774,518.1395562495788,807.9187602440993,2698.035359214013,3574.317983033593,23.292960239136185,1.0,-2.5184379,2.6685379,-1.7423635,0.5989567,0
13,AVPEPUDEAC0010a1.wav,-0.007867179913139961,1.3047771527418441,25.931509645188523,0.11856862288718621,0.7825462678275389,0.039171244085167534,2.787252952423962,32.83110147201396,1.4320126834372036,1.149998409877217,0.00740816656216875,2.0101814727937435,59.235376041900416,0.4505530766832079,1.8146135710601767,0.010456984176338079,2.1121263948843296,51.87191383741973,1.442174633919403,3.0794579112035616,-0.005950829716728241,1.886857169891864,45.61083110091826,0.6722029537345933,1.200430865476967,-406.71988,175.54367,-31.003256,-39.615425,-10.351466,8.766067,-18.761044,2.6410635,6.9141097,2.5135152,-6.243902,9.616188,0.07134485,181.04936136653907,182.13348927891354,1.5655777073816755,0.00025285020819865167,0.015751585364341736,-35.9775973899558,-36.07467930895172,-559.497652138976,0.0014914327585692127,8.189285699866553e-06,0.0004125464899084188,0.0007724602605283779,0.0012376394697252706,0.01870230913374461,0.16900901482629882,0.00815603215629303,0.01401732916447317,0.027395532321536666,0.6956845254299913,801.8283884277099,1382.486374395245,2129.755519050306,2820.297060583746,17.60994409031354,1.0,-1.9802583,1.1787671,-0.30889654,0.13256913,-255.95973,101.87012,-62.484882,38.555817,-2.5244963,-0.87570643,-27.133505,-45.116302,-25.587418,-16.987074,-1.0991143,-18.182108,-19.690771,88.32674107617396,229.1720849543973,12.946744269354088,0.03758713975548744,0.1788269430398941,-14.241089565385554,-13.249337469436025,-165.69709899951047,0.005503988229748394,2.409654108003593e-05,0.0014438714164176838,0.002014282655623164,0.004331614249253018,0.05227524710259461,0.3549435110633365,0.019991597401454536,0.034181950719346814,0.06564225095954446,0.6165328543088208,1986.3486131756893,2489.1571529207235,3820.935103818417,4377.431069816576,23.955644546413403,1.0,-2.9149785,3.4963732,-2.1516736,0.5761665,-319.73267,77.32822,-61.602386,75.04196,17.067398,12.553547,-32.490482,-16.494913,-23.216576,-10.738474,-21.21344,-26.358742,-25.927988,74.36655609630336,237.49319527529138,12.237946757279369,0.002532870275899768,0.04905823618173599,-25.93516684623385,-25.600005283839426,-135.62627875485896,0.00672888867826221,2.8412017727846987e-05,0.001986592923039888,0.001799557375064273,0.005959778769119626,0.041270198856716275,0.29921531358609327,0.015525819244517756,0.03319759422183513,0.09106999355858984,0.6907182705438895,2068.1954202153065,2443.3777775218064,3743.185103847963,4084.3536068210233,17.35319968049321,1.0,-2.5564876,2.8437595,-1.7740668,0.5057595,-311.30603,143.02614,-1.9601529,13.373966,-37.351395,-46.193844,-29.95454,-30.406889,8.425252,2.7194316,-25.920013,-16.485039,-17.204191,46.250091372733024,226.11155782225035,12.287013260806596,0.05005960166454315,0.21169401705265045,-13.001198782586517,-12.68137953754811,-160.78750811006586,0.009801194042416797,4.3478410000907505e-05,0.001642679766048332,0.0013303808477531365,0.004928039298144981,0.054944234930803096,0.39878714953859645,0.01915250517823232,0.03315175484416585,0.040691073239867676,0.5919462479996644,993.534029416655,2484.174308946266,3708.599501013684,3848.9592463296726,27.510038962269793,1.0,-2.8003013,3.0970314,-1.7665153,0.4757262,-433.90134,141.68343,53.176266,54.438007,-17.7752,-15.809593,-30.692585,-34.232666,3.0143669,-13.622804,-27.132126,1.2946197,-6.6826525,113.7427261834389,191.7377384235113,27.036156513821275,0.004924028646200895,0.06654173135757446,-23.05143533458578,-36.55204999304815,-100.71260750336816,0.013666986490540812,7.264340706362009e-05,0.0016607742964927054,0.002885305228524016,0.004982322889478142,0.06928499489532497,0.7634869751266458,0.027499339195181594,0.05898019765845215,0.10876191066303784,0.7065195813850853,457.9727406323107,798.7224356623244,2682.45207150638,3615.636791012483,16.234459303378237,1.0,-2.3847804,2.3018823,-1.4026484,0.49168456,0
14,AVPEPUDEAC0014a1.wav,0.0028721381866716592,1.2132675054413242,75578.6794927698,0.27807560210653737,4661.561725516221,0.008026796180906674,1.9860279784568873,70.27464891750101,0.21517011135862565,2.0063698865523536,0.007795724237306605,2.2253839520874332,46.70759428901996,0.07733197348711345,0.9960076140526303,0.004538176790416321,2.695184855945829,21.54014235384326,0.18807180570484427,0.808923441772866,0.0007329048164526294,1.9073919717488472,5732.37328944824,0.16540138667429188,4202.6987408878485,-420.5227,189.17201,-74.59766,-22.088594,9.49295,-37.876747,-15.47517,41.58502,15.754574,0.9566175,-7.7362466,-7.948019,2.5839097,193.93428389401174,206.15061673772902,7.266471782907529,0.0009496792335994542,0.030538011342287064,-30.22878734067306,-30.48619885912941,-33.72435471471986,0.0029667817321105097,1.4412571979151377e-05,0.0007651165281672019,0.0007301751353618617,0.0022953495845016024,0.023908608277510634,0.21609523793449625,0.007735996573309301,0.014953643352440624,0.03864463723336193,0.7361425778354355,1040.198550581504,1128.556046397573,2736.614237195832,3593.404393017993,21.969812650059264,1.0,-2.8253653,2.798321,-1.0530466,0.08418796,-418.78064,119.84596,-79.27678,61.450542,49.275627,-8.77568,-58.19687,-0.5089552,0.27134624,-6.349775,-3.738269,-32.68978,-16.399002,215.9287673601424,217.35875919696457,3.1149008336237918,0.0005966108292341232,0.024262165650725365,-32.236909397921025,-31.376951731914517,-313.46180569601705,0.002423762882710938,1.1153300801756433e-05,0.0004697249568252676,0.0008300767704942094,0.0014091748704757915,0.02416197893943345,0.21476577256495755,0.011439974755222038,0.02050453890854435,0.0411905176606106,0.7218638881072933,444.5034325441797,2323.7191922511774,2723.76975676506,2953.0555454656874,19.385630646109618,1.0,-2.980664,3.3953166,-1.7144963,0.30704284,-462.73727,75.353294,-73.85563,75.83625,50.10451,-15.018458,-47.422127,7.802383,3.2369788,-3.756963,-15.677398,-23.408018,-7.9505024,127.0920265418885,246.7949817732021,2.1258177278991117,0.00014535576337948442,0.011977586895227432,-38.37496415635469,-36.509934757184695,-76.08778670675746,0.0012806186211626047,5.189384166570738e-06,0.0003177487193119758,0.0005912941511651988,0.0009532461579359128,0.027319563000374254,0.24183057628784188,0.01250043522330031,0.01952533019924356,0.037525070195632414,0.7072039888233406,2481.701000063802,2859.0212437288583,3018.7816240872653,4042.2281943461376,16.750461661301202,1.0,-2.7151122,2.8732934,-1.3613055,0.23667066,-472.7453,156.45938,-32.600487,38.15288,2.7090197,-61.95636,-73.13169,5.617811,29.085028,-25.752048,6.1255903,11.017943,-20.701189,229.03384285062168,233.77247408201384,3.2646791164104756,0.0010449019027873874,0.03210589662194252,-29.80974164067534,-29.827830056335866,-462.61818991076746,0.0017027071513667006,7.285059805104663e-06,0.0003674067479712637,0.0007232963964939084,0.0011022202439138038,0.012587552421798109,0.1130163046117458,0.004924389746703124,0.008607986767363107,0.019065402803787282,0.5777502118029084,919.1439098117136,2831.4868833649602,3394.762639798951,3651.446703658832,26.173078970098096,1.0,-2.9995625,3.4883575,-1.924145,0.44049725,-554.6403,148.43527,16.57823,36.28164,31.672268,-19.87122,-51.941566,4.3053646,6.3938594,-17.078518,2.7903464,-2.644223,-15.394062,221.91029057720314,223.51833616109593,2.3536549986843753,0.00014308909885585308,0.011814640834927559,-38.451980120950225,-39.622822088403986,-715.401755666373,0.0013781477161826444,6.166380661767769e-06,0.0003972686882323629,0.0007207136172957455,0.0011918060646971202,0.015494398860388447,0.13338642545812593,0.006922877570054704,0.012412242152569664,0.024179395104724673,0.8351262114714646,1956.0222974495869,2609.241369344567,3676.325282280339,4319.384115713551,28.694982698162807,1.0,-2.0169632,1.0694594,0.010112204,-0.05994118,0
15,AVPEPUDEAC0014a2.wav,-0.04768217420858062,0.7664946655526822,1437267.21745288,0.23416678638671914,3270.9166164035937,0.010148799067993214,2.1533865707598427,53.308493560447985,0.22149988710213958,1.496764440011933,0.004564605935882857,2.1910371776439312,52.63788372998016,0.1072171427845423,1.3049136141104374,0.0023808835530200424,2.1740897538163706,41.36912174282586,0.25868225992922544,2.4461110182108756,-0.0033702960395182915,1.5209398820272593,216.61049230565004,0.1518313227258876,8.415743450792002,-399.56445,173.62831,-87.279076,-28.52364,-10.076279,-31.518837,-25.920921,41.85552,18.493238,-5.097768,-1.6528993,0.725811,-10.990249,211.71866661977523,213.5922831385343,2.4299524382333932,0.001400939654558897,0.03730326518416405,-28.54240963218369,-28.77927171731653,-497.46462920305066,0.0019354295253262372,9.062505371388123e-06,0.00040946086083172236,0.0008220404651498685,0.0012283825824951954,0.013931182122919142,0.12215022988259859,0.0064895754412602575,0.01007478186915604,0.01948563563485752,0.6406233509233922,1254.2600437407627,2600.758160688669,2824.8059562113167,3828.2901519382863,20.797828516871057,1.0,-2.9652967,3.2969227,-1.6363244,0.3111528,-405.03757,107.318756,-77.25716,62.5941,45.229874,-8.106261,-60.348225,-11.477338,-2.302302,-5.3325496,-13.115075,-32.689117,-11.632689,216.85105381833688,218.11918863598797,3.4959844447765316,0.0007407587254419923,0.02700739912688732,-31.30594081398012,-30.61235905196458,-95.4302557079293,0.001968137542694952,9.025642899590544e-06,0.0005497359021256293,0.0007904174054828629,0.0016492077063768856,0.027022466575864157,0.2364503485119637,0.011661368783748599,0.020233459265914158,0.0384537893231126,0.6948584991801576,2264.3825285126786,2803.8999590005133,2812.721171410232,4012.2370499269164,19.914694927376615,1.0,-2.830529,2.995048,-1.3420284,0.18664703,-473.58453,83.586105,-63.39934,86.434425,62.714752,-19.169882,-46.170723,3.766827,-0.87450826,-6.282665,-22.09955,-14.857438,-12.208828,234.81915893928286,240.03736247126693,1.7634404791326774,0.00015058489225339144,0.01224796287715435,-38.22013687866955,-37.72836977689196,-400.04669259154457,0.0015115441773530455,6.297460946203566e-06,0.00041448202882845485,0.0007507070175786197,0.0012434460864853582,0.02171313885696934,0.18567237875306172,0.010733041639037478,0.01855927722286119,0.0307542289369329,0.7104965732103875,2472.915746211969,2936.8284786598524,3011.8629167306844,4063.7376067200676,18.180731168797198,1.0,-2.6343246,2.568564,-0.9732212,0.049606312,-459.45197,160.59737,-23.507078,28.675718,6.2178016,-62.59224,-66.88398,6.251716,27.823437,-22.647226,2.2885146,9.65059,-16.428087,26.949058624931656,237.48857913221022,2.9502306157759257,0.0019183786353096366,0.043188128620386124,-27.15575654566646,-27.439554293702322,-1163.865400216851,0.0027858725729536828,1.1732382110700896e-05,0.0006459369051925048,0.0007263910911798996,0.0019378107155773965,0.028114660533935167,0.21759999302836755,0.006938017666484475,0.011065266567783155,0.026770162089840687,0.5841404343183816,946.7370883636271,2841.5124468663366,3042.113433072636,3658.252932090581,26.780702799294232,1.0,-3.0160644,3.4525719,-1.8190376,0.38628837,-545.91046,141.67978,17.829908,44.56818,28.262627,-28.06395,-60.464584,11.934534,4.289162,-25.073471,4.5975447,4.40988,-10.425189,230.4403439130583,232.97265538463043,2.4898414481300124,0.00022924655058886856,0.0149153433740139,-36.411818856872145,-36.6604702392859,-965.8415430051762,0.0012884135715517146,5.530958017647439e-06,0.00026769813965999957,0.0005169265139418407,0.0008030944189799965,0.012347762186401639,0.10678399482923043,0.005067465958535768,0.008967459229857215,0.018909437273730123,0.7146617213587093,693.1448301317298,2781.8445792216658,3550.545591640935,4096.41651733373,29.047193798792,1.0,-2.1906111,1.5625442,-0.4909619,0.12404933,0
16,AVPEPUDEAC0014a3.wav,0.011536224570657273,4.378279613960598,9.969109796502254,0.2147479642575023,0.2642208492037191,0.00985264917687069,1.5989654125323318,134.15859740340983,0.14772622121628293,5.457857870330837,0.0050768725676247255,1.6396941782055443,203.23858359705912,0.10401705084218558,7.6369466152118815,0.004291747294101098,2.583672281239778,19.903015258977828,0.20559852828142833,0.7736953164903471,-0.002568317034102749,1.6251738621247782,120.20289261388999,0.17123244996154646,4.012924012933471,-394.8436,168.90163,-71.64116,-21.350039,-16.050728,-39.649014,-20.220724,35.763096,19.353762,-6.8010106,-3.4997773,3.5342362,-24.702015,183.54138228032335,219.84627108302467,5.625103945511579,0.0024528077337890863,0.048517856746912,-26.11232453243957,-25.444268401403704,-417.9130582496675,0.003508387719429381,1.5969599728536962e-05,0.0004494144669558453,0.0009678186586855094,0.0013482434008675178,0.025685281013550207,0.2501427435621234,0.011190807999049469,0.02026835873299863,0.033017263984200455,0.5631020690882327,901.0347200237549,1254.1590757134707,2651.8718261365984,3453.4438328711226,21.882082303556544,1.0,-3.0636964,3.6136012,-1.9826993,0.44030422,-404.26416,106.223915,-84.43923,54.933247,40.576344,-8.480269,-55.69683,-2.764635,-8.712208,-4.9665046,-8.251231,-24.128927,-7.471405,225.110193041489,228.57342678058882,3.212324062931925,0.000611898023635149,0.024389659985899925,-32.137248602056864,-30.263240436392486,-738.2821552102836,0.0015043496547055744,6.582803776874096e-06,0.0003165702354274035,0.0005092292792353936,0.0009497107062821873,0.022792218882044007,0.20665697231590965,0.009257275481760212,0.016165591385344857,0.031082968921602554,0.6699382466297725,2322.182062926159,2873.6892846937303,3819.153794896079,4015.941900058006,20.62552411207894,1.0,-2.91378,3.2888873,-1.6822642,0.32690883,-467.0083,85.54471,-67.28435,75.67544,51.156303,-10.815788,-49.642376,4.2219815,4.102961,-7.5153666,-15.4344635,-19.769829,-7.1096234,168.4514975661453,238.15556552455018,13.65872915583807,0.00017563872097525746,0.013142024166882038,-37.56299181399223,-35.91770094154574,-54.01797014599352,0.0047657726013828295,2.0089914885187052e-05,0.00113095939284592,0.0015719389195951125,0.0033928781785377807,0.03118670570184119,0.27586346538737416,0.0130014552514135,0.022066102307375327,0.05112417754322426,0.7103330681272397,2451.52527778045,2901.859445369264,3040.3290483575474,4053.323484679952,16.70385082514413,1.0,-2.771971,2.9620008,-1.4054978,0.23594902,-456.86847,150.71402,-37.1626,39.42186,1.6694607,-59.04624,-71.05088,16.110704,28.942268,-25.033068,4.2663493,12.068627,-19.286545,228.12153401976101,233.38587711252472,2.5218068607183466,0.0013923769583925605,0.03708227723836899,-28.565229104238515,-28.512787644433253,-656.1237962222111,0.0015505203711128923,6.644388817726952e-06,0.0003507236416366974,0.0006497019479769919,0.0010521709249100841,0.013711514262379206,0.122907819849522,0.005532078704224728,0.010429387368545881,0.021293239119524545,0.574881784020087,929.4075335866252,2824.246115144605,3555.5304098943534,3582.0475362317893,27.97993051885056,1.0,-3.080518,3.6372776,-1.9785898,0.42634803,-534.15894,137.21542,13.262719,50.68811,24.647923,-30.10089,-65.164154,10.681067,10.8316765,-31.184824,0.6806628,5.2906914,-14.339892,229.6354255055543,233.96816938301757,2.657594409435748,0.00029463530518114567,0.01701200194656849,-35.31704631599276,-36.285454445320234,-1035.2317015117421,0.0012185088566351626,5.208678293969403e-06,0.00033006401361844315,0.0005252840098921646,0.0009901920408553295,0.012069504109340748,0.09940186036484581,0.004835156249336523,0.0077346130437968875,0.01526046780263945,0.7128993504892561,691.3111435556493,2700.131974777022,3543.0746297565433,4048.7990395680313,29.21018221130575,1.0,-2.3988142,2.065321,-0.8554051,0.19338171,0
17,AVPEPUDEAC0015a2.wav,-0.013494501695820262,1.4606691506064937,21.69911089387914,0.1430525901162269,1.133180964879154,0.003142565505950754,2.165469384840667,39.731455473362566,0.11986248314232702,1.0478622677837328,0.0009848647825858993,2.002429599375764,95.5872894938256,0.1797595976662178,2.8303150438047235,-0.003670836082804141,1.7213416444255538,49.97434281896751,0.22048690743029328,1.6458585144296074,-0.0006075198460240822,1.7968069683818597,7571.758808033337,0.20092064910211874,5114.32243026124,-415.60312,157.84099,-57.188282,-20.288483,-24.277178,-6.087579,11.488941,-27.736683,-1.4574752,1.2895526,-8.846305,29.95224,-5.5924563,179.82845828536745,224.78557285670936,5.903057758331366,0.0008041406981647015,0.02767900750041008,-30.934141577774547,-31.08889466105618,-188.1520570295187,0.0024474295997230547,1.0896134754521649e-05,0.0005533052459336589,0.0008664958926059226,0.0016599157378009517,0.018201252191693364,0.16981038179004654,0.007002141453951649,0.01152406911390947,0.014297633290482963,0.5900224555890601,859.079912015391,1618.836330735125,2790.7023562950453,4015.586018202242,22.8292236372818,1.0,-2.3262131,1.6859081,-0.3086167,-0.037046548,-422.2637,130.28712,-47.247635,33.80122,5.1630793,13.994658,-29.51718,-49.820843,-2.6962395,0.17900749,-23.889807,2.2872064,-6.2980638,179.84206632301132,226.60100356699425,4.516263557197703,0.00020545453298836946,0.013943282887339592,-36.85684523980123,-36.90955125553854,-209.68143582988665,0.0021717658286450284,9.58787748863155e-06,0.0004933295242623178,0.0009234224145197035,0.0014799885727869288,0.02541248325871964,0.2227060012554997,0.01114577371193297,0.02007805220786407,0.03315502643043116,0.6757132863146577,1672.8479667422523,2289.83309623825,3064.9907832143344,4590.434632039626,19.06989047489699,1.0,-2.5855267,2.6740298,-1.4079925,0.33407247,-504.53738,113.35897,-25.405281,55.609234,49.8392,9.531721,-8.766174,-16.970901,-6.3128943,-5.3260064,-34.67507,-14.878841,-15.619776,180.24186270039272,196.7640334479287,43.20907078730354,0.00023076469369698316,0.014537946321070194,-36.35146541134109,-37.13467435988481,-42.670769114517554,0.0028043807681792693,1.5267965116532375e-05,0.00048099356736893334,0.0009371048330379073,0.0014429807021067956,0.03442477968084828,0.381538104737611,0.010887910416582613,0.01830467153640945,0.033229672658787866,0.7815234806295694,1636.1104127791255,2443.8204732230834,3304.449191180002,4507.186705119499,22.381342359487657,1.0,-2.3086567,1.7379054,-0.33528173,-0.09025786,-458.2082,176.33072,17.305584,16.796413,-25.179745,-21.089375,-55.702667,-10.884398,14.028191,-20.353445,-18.490728,4.532533,-5.95002,215.19210631090024,219.87019557852847,4.257784346824832,0.000739930896088481,0.026751842349767685,-31.313808229970462,-31.498323378508363,-46.34741390720076,0.002742855523513942,1.2479718338399482e-05,0.0006354621303334564,0.0012068203992483604,0.0019063863910003473,0.026610468944428426,0.2541632853025549,0.011634381098860462,0.020439685671754134,0.04343518105897348,0.661483965838844,882.0158757236715,2830.367776713814,3413.8244242688997,4239.290839862212,20.847824149438658,1.0,-2.2687314,1.9624047,-1.0729474,0.38863483,-561.2169,148.0498,72.45581,43.29672,0.17468132,-18.727928,-36.61329,-14.431166,0.9297608,-13.048894,-22.274868,-5.830089,-0.027154198,99.9369934342112,221.7352041821561,9.789176862965737,0.0002626309869810939,0.013175238855183125,-35.8159481947166,-39.01197195985843,-41.52297943853653,0.005638617995302778,2.548165347145358e-05,0.0011398344047877523,0.0021028179684107555,0.003419503214363254,0.06550891515152031,0.6240846849827757,0.02481785169625806,0.041460064634864166,0.08696717977853745,0.7763945862192796,346.78163895935154,756.0784275334979,2793.601271891398,3314.191483275005,10.87145828408543,1.0,-1.6932456,0.8248782,-0.52621675,0.39908206,0
18,AVPEPUDEAC0015a3.wav,-0.06741162278509107,0.6443366582085244,7513.058026335341,0.15522010807455716,43.94860572589237,0.0034022206562187357,2.455385822104554,43.927685756490135,0.16288086497315318,1.1691178804546623,0.00425486411695164,2.1277496091536516,203.0037583451586,0.1382075327963185,18.81152418296075,-0.0014873195595869304,1.8155334034279382,50.53648999120524,0.2245622511031348,1.4987563052024018,-0.0010901276452994332,1.8081766364911482,105.04074101347676,0.1681329962225416,3.4321795264766255,-396.81345,164.48799,-61.867737,-28.524586,-24.212217,-7.9963264,11.844144,-22.817675,-2.0768375,0.2504777,-12.3767,23.114471,-10.541053,154.1759563071567,222.19476056031402,10.408682934340264,0.0009408926125615835,0.029728848487138748,-30.247901076425844,-29.713134418071462,-70.46656927867846,0.0046421782952606305,2.0944230265295876e-05,0.0012200559625559354,0.001837060305015554,0.003660167887667775,0.021246272379895056,0.2123792375294635,0.008099223367256917,0.013205035959642963,0.020232888561675533,0.6033166092713509,1155.22077394946,1600.0056349351653,2753.259514676835,3997.852307677366,19.20420980815471,1.0,-2.3808177,1.8315632,-0.42763287,-0.006816013,-414.0345,170.24641,-30.827974,21.97222,5.303477,15.87871,-28.377756,-39.3683,-16.921787,-13.241922,-15.769583,-1.9773165,-19.899227,58.497980939929555,113.09609648386383,2.192023181154797,0.00028888689121231437,0.015614012256264687,-35.347567653326934,-35.232480027625954,-49.34247861289246,0.002196565776192683,1.9429378175644073e-05,0.00045008960059534736,0.000986111835137595,0.0013502688017860622,0.0522706444169609,0.3662881117114531,0.024755465119267357,0.04117378938221272,0.12425606872670007,0.7119958688292981,2023.2015019559688,2905.386801345085,3106.41295577893,4576.070565439539,10.156232225938473,1.0,-2.5033197,2.3653593,-1.0933899,0.237683,-452.83002,101.23585,-40.55361,56.570786,33.10078,10.883804,-19.866674,-17.982117,-7.8125615,-10.296447,-26.838945,-17.047916,-21.89297,14.821735049588767,119.80902498417585,4.334888102413351,0.00021925781038589776,0.013344691134989262,-36.55952288651917,-37.26151424631782,-34.963697573697615,0.006200104223961214,5.1818162397139834e-05,0.0012127323119445574,0.002896122139213375,0.003638196935833569,0.08767558025368846,0.6007728017866611,0.03815354642635575,0.09355729147727088,0.04350146359076371,0.7285303325659496,1506.8999770856121,2348.3857381397993,3303.3966073598517,4388.28275757163,10.964830857665103,1.0,-2.5472243,2.51871,-1.1793048,0.22132273,-466.86395,172.46243,13.5047865,22.075443,-22.969164,-24.274418,-40.927773,-16.289509,20.45666,-13.460281,-29.783972,-3.2082787,-10.464524,188.91994592537404,221.90596822980444,4.0308299265476455,0.0006498006405308843,0.024574968963861465,-31.853660110325063,-31.933970973135757,-224.1857579396712,0.0030576511732845688,1.3783803108532297e-05,0.0006759667376924008,0.0010083050851593034,0.002027900213077222,0.015670497384127922,0.15677601050022835,0.005687631305316076,0.009384895372068347,0.017231716842406063,0.6738182480972403,433.58503318873574,910.1506844212521,2717.9214434237183,3362.724186839237,21.5134437739255,1.0,-2.3123314,1.8488109,-0.710883,0.18097422,-549.6443,141.62502,46.41792,33.762836,-2.9895895,-7.101995,-36.523712,-9.539412,12.922572,-9.887142,-28.619614,-3.0728958,-1.3086396,210.123081135047,224.95529862693266,9.016962508236146,0.00024009465414565057,0.014173392206430435,-36.18744485151064,-37.35954726110921,-188.80426754091047,0.004216606977363105,1.877597185293945e-05,0.000935295617033215,0.0017645868360495497,0.0028058868510996136,0.06721413353472783,0.7274070334700277,0.02427540002493968,0.044194014500804436,0.11430077662661497,0.7439571758146799,887.0724280146771,2706.92247327533,3230.552650312318,4312.148643165911,19.055821166156903,1.0,-1.7734903,0.9167577,-0.46483237,0.32754213,0
19,AVPEPUDEAC0016a3.wav,-0.002427780725365186,2.0685721966537223,13.847073243250776,0.1868353609141923,0.5574839235036816,0.006938811373199279,2.680971656093766,26.45021322562004,0.25297601193645997,0.7862693555174873,0.002426748056005056,2.0756601531892995,71.53818497743781,0.1775606979261988,1.5912110953959733,0.0029426139118356016,2.3532739592286096,32.99185088223608,0.2856111178071753,0.9983309196764575,0.006719472257198802,3.460853905263646,26.972813557559423,0.29861514055392274,0.472280570741211,-353.2533,150.1519,-62.511948,-30.287191,-18.38016,11.764564,-22.107862,-0.29786533,7.7254767,-16.676666,1.7658298,9.372527,-11.095082,195.21127953296815,204.43385966838397,4.075180605673894,0.0013764151372015476,0.03587445989251137,-28.586060061043593,-28.054963553221903,-134.92531120632074,0.002343792115464743,1.1469375830966925e-05,0.0005452845014183588,0.0010115423531667194,0.0016358535042550863,0.016544390101887903,0.210684277883575,0.006842588444206282,0.01010681484664807,0.017636670325510168,0.5935959561379929,1679.348863193705,2561.3131511750234,2899.4353672161437,3805.470582691335,21.872672687945197,1.0,-2.2719314,1.9037883,-0.8675296,0.26157278,-403.12946,117.68728,-29.368917,11.170456,41.10395,13.715579,-64.25101,-24.967682,-18.21133,-14.914476,-11.758079,-2.9500463,-8.61569,199.4162653109731,209.38707857652182,3.9523067656844737,0.0012552384287118912,0.03500247001647949,-28.995910741323666,-29.440441435040544,-181.3006514346781,0.0022226421690344474,1.0618892311049683e-05,0.0005418494374448907,0.0009174270640565355,0.0016255483123346689,0.016911239920961052,0.1483828249998375,0.008378244574166568,0.011573844055870952,0.021055380973672395,0.6196145406020765,2305.949733049753,2793.5826458277315,3286.611370359381,3891.038374115359,24.74368394768085,1.0,-2.2089808,1.5930254,-0.4135119,0.040260844,-490.902,78.32007,-21.61085,84.24165,53.097847,23.852665,-31.890442,-15.776714,11.658655,-32.523476,-37.3805,0.843888,-5.231664,200.49549629510545,209.44618809399404,3.635595446182682,0.0002166859048884362,0.014454982243478298,-36.626997612945175,-36.80822772563196,-96.42548770080664,0.0024129952411925727,1.1524334306308356e-05,0.000702523216284431,0.0012147454758260428,0.0021075696488533245,0.022687443185192592,0.27948266886350875,0.00838033696303606,0.013803824083921178,0.02742306751819798,0.7906752225850304,393.92869189792606,2736.4872431416384,2979.5242547560033,3450.3467324221415,22.505322104798676,1.0,-2.4627898,2.3693767,-1.1254215,0.22902456,-480.96375,148.18582,44.9673,50.355186,-34.72313,-23.432922,-47.750763,-10.194025,13.638868,-31.36485,-16.974773,24.422543,-19.342653,198.02872879125297,206.07867711610066,2.6251412727920562,0.0012752177426591516,0.034768737852573395,-28.935364096959542,-29.201772414831414,-228.43475790119808,0.0020871242532127647,1.0129453139510888e-05,0.0005272830491341273,0.0007931660072395375,0.0015818491474024307,0.020651373956162934,0.21558430210279766,0.005898179199955586,0.01041529352586719,0.024828506648005844,0.6462838228487144,837.5789497837533,3088.994088557876,3760.521781421089,5183.595994547852,27.803542071950567,1.0,-2.4793754,2.7083817,-1.9317678,0.710879,-545.0642,119.30997,78.13479,70.17518,-10.6820755,10.143462,-36.65781,-14.038828,-0.5018754,-46.092506,-2.0435326,-5.177582,-10.737795,187.91595644293693,206.9798940530899,8.308332731402539,0.000935396587010473,0.029500974342226982,-30.244779895441283,-30.488380882242005,-284.3495582114337,0.0036409672413748903,1.762119255721615e-05,0.0005909730687259468,0.0013229776631201323,0.0017729192061778215,0.037666419703748684,0.36595505909645,0.014239114953117405,0.026422098962996642,0.05638730012112679,0.6911005804214847,415.78314761953067,639.6846211333032,3007.0977577180465,4231.408458547917,27.494139619471063,1.0,-2.322131,2.5005155,-1.9915893,0.81846863,0
20,AVPEPUDEAC0017a1.wav,0.0014691825139710635,2.177153213051622,15.350102364400346,0.18462661120757526,0.7404681319185517,0.0128380357206244,2.6141599858811744,40.043136146237536,0.22079317134816356,1.0502735352427597,0.005863049829195016,2.6222517710544877,41.4921156598605,0.2396720388255329,0.8271968119426129,0.004069363473326881,2.7280412451526646,27.82913152383163,0.23067630557309463,0.8634801619631399,0.00613027619629161,2.7728564839518817,37.56536141128485,0.40998943363569185,0.9146894947628509,-373.8633,174.80052,-81.06865,-35.993458,8.522397,-11.208725,-45.56413,27.66324,-12.531294,-35.880928,32.666187,10.620996,-5.377993,185.13248129480183,188.04795344117662,4.585151126040954,0.0017966351006180048,0.04078039154410362,-27.46790743552357,-27.532992166063536,-577.3658017212067,0.0016365756295801392,8.707940642300645e-06,0.0003968717866449407,0.0007327340825118606,0.0011906153599348052,0.019733103910475426,0.1721347761556371,0.006197001666446449,0.010172814490027958,0.020968817278746915,0.5668825672868181,1546.166644027531,1767.579888386553,3092.0356845886286,3866.62261683429,22.408748242115458,1.0,-2.7487016,2.8952324,-1.4350936,0.30470857,-385.11197,117.31853,-66.81884,45.474873,62.466377,-8.903197,-68.01476,1.238924,-27.963514,-28.393967,4.3976436,-28.758806,-2.5259829,186.05048808292744,189.9265399179885,4.12939992553957,0.0008082655258476734,0.02772246114909649,-30.925387640235726,-30.072336623927622,-355.01891079372894,0.0018722797057602837,9.862577904384162e-06,0.0004737894808801742,0.0008175093497840473,0.001421368442640512,0.02596319323165883,0.2446568915942446,0.009179119030929543,0.015122406374395004,0.03407312633966704,0.6741848723151472,1720.3280934614206,2482.932954940863,3163.8652832837906,3934.6642141826583,18.22542025819887,1.0,-2.607811,2.4842734,-0.9126474,0.04892027,-465.74976,77.66486,-47.66181,95.71721,65.289,7.504897,-33.333572,3.7642002,-4.485165,-43.278835,-15.749397,-10.035556,-18.916744,194.12919303728756,194.12919303728756,4.8374900156564395,0.0005000883829779923,0.020755277946591377,-32.96822368841104,-32.552880058206874,-109.61044842637935,0.0030708803597827533,1.5828748747463578e-05,0.0008853788906725143,0.0013016603969818264,0.0026561366720175283,0.026662646193814317,0.27638429395007363,0.008083639280687815,0.013644817555823275,0.025771542662363714,0.7380905671214869,2349.506545986201,2859.095701422638,3456.464113897123,4346.753316950441,21.707133503143666,1.0,-2.6745048,2.72282,-1.2074757,0.16496682,-505.71548,173.70476,27.981905,34.28469,1.0342382,-32.99511,-62.10586,-2.4273558,-15.429758,-31.951515,12.626831,-0.2791442,-0.37761092,172.66033007200195,182.47057609882026,1.7609843523669626,0.0009644193341955543,0.030548034235835075,-30.140465348439204,-30.61509149931807,-388.59777440213935,0.0016704150852107007,9.155287318530502e-06,0.00045595951677532807,0.000962116080675164,0.0013678785503260283,0.023224377636801,0.21351430360715143,0.007641257278857821,0.013522263483357066,0.029773472039291517,0.6159106531563108,712.7750246058922,2265.2039697003843,2938.354927290985,3844.2680746044157,27.983968817637173,1.0,-2.2595778,2.018324,-1.22898,0.47775236,-527.68555,137.33302,49.423214,53.204685,13.625165,-10.014511,-35.08861,-0.7626558,-4.98116,-35.22608,-12.270021,-6.064977,-15.792578,196.9976572433787,200.67985644418957,2.5102674986334956,0.0017548430478200316,0.040318313986063004,-27.550845000261653,-27.602761438092276,-622.8582803428304,0.0016417368407680541,8.182155415839317e-06,0.00037818116983318116,0.0007661938801724234,0.0011345435094995467,0.020500987700673438,0.23291491359626748,0.005299597144944289,0.011050424837863797,0.02659635132661343,0.6883376711990655,820.8955782607514,2843.023234304175,3286.184168713925,3847.2742815096076,32.584515066422135,1.0,-2.1291761,1.7789565,-1.1508137,0.50543725,0
21,AVPEPUDEAC0017a2.wav,0.0055910391211565925,2.9274324791650823,11.15896834953313,0.17117639150638836,0.39870191057910864,0.007113030367091358,2.6569353215532714,34.131812866303356,0.2182973417317748,0.9518686299768417,0.0039028820551621174,2.9374069659044393,37.136315199264544,0.1867718775779846,0.7494262684449241,0.0055365646508459595,2.8543892874903083,28.034972434931344,0.25990707242854455,0.8416064344387231,0.0032541621284714875,2.52741762409225,48.08954757097254,0.24081327769236915,1.495655485044134,-375.25055,192.71664,-78.62943,-47.21038,0.42454213,-7.4538364,-38.412216,30.038141,-10.601816,-32.069263,24.664923,1.552676,0.998331,177.1493165868351,182.25939302683997,2.2054847954059764,0.0014925282448530197,0.03761708363890648,-28.256546208984492,-27.22046793115511,-249.85196237111091,0.0019735381321462978,1.0829835187056821e-05,0.0004906311311052563,0.0008851620109372302,0.0014718933933157013,0.02162488083572231,0.22371266185914598,0.008078305157563137,0.015803644406342795,0.03311854957747444,0.5736135116027736,1529.122000754099,2904.8856701696586,2935.168624096985,3996.556067575391,20.934202531745047,1.0,-2.733716,2.7116706,-1.138978,0.17250021,-409.36026,127.225006,-48.27681,28.076881,61.842506,1.668705,-72.4797,-5.2143307,-29.031244,-26.139769,3.1640317,-22.304329,-2.581952,182.82395773924185,187.07567768666604,4.7063839517116035,0.0007304204627871513,0.02665061317384243,-31.34365175951077,-31.161903697515537,-201.0035048662346,0.002209555540846958,1.1818375659657047e-05,0.0005397056716400638,0.0009517473197181496,0.0016191170149201526,0.020838420081166778,0.1905303509170975,0.008595715169299597,0.015187025670568576,0.030283285868527167,0.6577621280976931,499.8236820057557,2345.549830357956,3009.9717634389635,3038.94660890103,21.128116373617342,1.0,-2.4197066,1.9802141,-0.49400163,-0.05912118,-498.49667,87.01123,-25.774424,81.67513,62.7917,18.201973,-40.87549,4.92852,-6.459292,-42.91808,-6.8411374,-9.691447,-21.433775,182.97422575533957,186.8672943884319,3.6526270261753977,0.0003126031078863889,0.017049016430974007,-35.00879439965196,-35.01589497986056,-121.18086333630409,0.00345302484999781,1.8485853862762783e-05,0.0008475671837781805,0.0014450852277533269,0.002542701551334549,0.022304223255896902,0.2871773284501754,0.006929303876443989,0.012269446823465292,0.024477853765303627,0.7232566241858153,2097.8942920320105,2760.417808477972,3472.4452070562324,4285.106097675853,24.018392316359282,1.0,-2.4585927,2.4270368,-1.2700396,0.30706823,-488.0846,172.34361,27.032866,25.994768,-1.8311305,-25.88662,-67.56445,-4.8668165,-5.815062,-32.205868,4.518097,3.1582327,-3.5138168,172.58394703907123,182.9805703546779,1.3435348627763941,0.00118497374933213,0.033708058297634125,-29.244268665732807,-29.474783138199292,-330.5900878733071,0.001731824482462387,9.46503955528965e-06,0.0005994761417848538,0.0009774010903899333,0.0017984284253545612,0.017150804722497512,0.15761782454137574,0.00605840185477617,0.010168704620758981,0.024450151193484457,0.6258820955377078,888.2875229643222,2931.53681914685,3753.6376808620603,4652.262426190606,28.254632187993227,1.0,-2.2469873,2.10916,-1.4488478,0.594644,-525.585,146.96974,41.694584,47.908993,-3.3395655,-9.282275,-47.135204,1.3423789,-4.778527,-33.65489,-0.17009321,3.2972412,-15.461528,188.17273515858565,188.17273515858565,2.7898505273921703,0.0006299730739556253,0.024523943662643433,-31.97829632909905,-32.17115742738158,-235.72583650925435,0.0024533146838899293,1.3040363833014654e-05,0.0007039126017617819,0.0012003749656494182,0.002111737805285367,0.01671250395142435,0.19676306208046818,0.004456691605963367,0.0077683295683528535,0.016382038651679587,0.6873179392364687,757.4862508080765,1478.375004463768,2939.0931528006604,3795.522313331809,30.927217053931688,1.0,-2.1276627,1.8729435,-1.329108,0.58896774,0
22,AVPEPUDEAC0017a3.wav,0.011349288729029586,3.59980464950101,9.391420467364439,0.20633909988534363,0.34586597456012985,0.006653793559419042,2.6611299532375496,35.835720342433305,0.22112646161707686,1.0143921498484423,0.004839564265060323,2.784352077836602,43.741311121584566,0.21463116274738844,1.1616744029432111,0.004658257758837797,2.9302253737581827,25.40801157443096,0.2267035805717753,0.690036924010365,0.002349757679001016,2.3298537258727916,45.50962938125172,0.20657810341001623,1.4519827880012874,-355.53824,185.40205,-84.49728,-53.884502,5.006475,-10.509026,-37.74697,33.39999,-10.426383,-32.808136,21.393524,-1.575135,-2.8648665,171.9844306861939,185.21400227743956,2.494498349386688,0.0030870160553604364,0.05234428122639656,-25.100158007943357,-24.12641610076746,-468.16184327825096,0.0013882246013352535,7.496583326564583e-06,0.00035609166024854627,0.0007082910967937064,0.0010682749807456367,0.018260708946786507,0.15148338859371382,0.006894716582666102,0.012143786317055495,0.02049600095525218,0.556451520350779,856.8419086440689,1505.7495040853169,2871.0349422069094,3092.0897728206337,22.20652866895537,1.0,-2.7105687,2.6079593,-1.000453,0.11529284,-417.38925,126.864075,-40.387707,32.02087,51.471405,7.1023827,-66.69895,-13.058939,-21.429228,-20.860994,0.8233573,-28.97857,-2.4888175,183.0204200216602,187.08754046658598,2.7245777397373674,0.0007066453108564019,0.02561475895345211,-31.479276968121937,-30.91661222877744,-29.07897821267982,0.0028413474153008585,1.5190670403245953e-05,0.000960334883216141,0.0013467875213148748,0.0028810046496483845,0.01638111116028958,0.16272608531560467,0.008216457893473616,0.010924003550865622,0.018705299968585835,0.663151908236286,484.2403389413924,2352.1877527332613,2985.410620836424,3578.348966865511,21.43357843022365,1.0,-2.3908057,2.0135927,-0.67387515,0.059623264,-480.93436,90.19328,-39.58758,78.09854,70.52997,9.723297,-42.178455,2.9799747,-8.898582,-37.562126,-14.377826,-9.39716,-21.300394,186.19627685076424,186.19627685076424,2.961017981876206,0.0004759187577292323,0.02132449485361576,-33.22324750089177,-33.451573918605,-171.64901485132478,0.002836703105441072,1.5239056553727556e-05,0.0007187153377498145,0.0012328079533225117,0.0021561460132494153,0.0164007062287545,0.22920702723786235,0.005455419211235369,0.008804053970327392,0.0151380876773104,0.698199513219191,2128.237158395046,2739.114224674596,3329.9725875931936,4271.77263461514,25.184967405271895,1.0,-2.5002491,2.240852,-0.7762446,0.039254114,-517.0228,180.53061,34.307823,25.574047,8.348205,-26.888739,-55.01796,-10.397807,-10.95755,-25.951328,1.9536295,5.3573136,-0.45370534,180.2703925076178,180.2703925076178,2.4488986368281536,0.000886872410774231,0.028757736086845398,-30.488138911045397,-30.68856865306713,-321.7006313345485,0.002196422040922461,1.218633211951363e-05,0.0005420876800159376,0.0010058921117032948,0.0016262630400478164,0.028136232265895237,0.3505491058324249,0.007762391467336582,0.014877718262110835,0.029254090275077457,0.6189561247958981,1130.2910299761827,2826.51092965292,3788.6906712325367,4665.934256731002,27.119306077668618,1.0,-2.0896854,1.4661618,-0.63745016,0.26786217,-541.9837,166.7705,29.580376,43.28679,19.346764,-25.403797,-43.22926,-11.697397,-20.651243,-25.222477,5.188614,5.8419194,1.4975281,174.56113059233112,182.6802529454628,1.9277850691157503,0.0005409321747720242,0.02262735366821289,-32.65406770065547,-32.762928105891504,-329.9144031112076,0.0017885914096125457,9.791909646765466e-06,0.00042080587306839997,0.0008256783300413622,0.001262417619205181,0.019498770982195813,0.2429028615793761,0.004065761048957136,0.0074233680213814345,0.018073797036153236,0.6673238409744104,723.5505501054954,2431.524738429059,2748.8541814043433,3789.8533957898426,28.944050192451535,1.0,-1.987327,1.0249815,-0.06155995,0.028984759,0
23,AVPEPUDEAC0018a1.wav,0.003343435029944728,1.4094707672105895,30491.690749355053,0.2441979880663567,4558.165141450497,0.002051704047539299,2.135531275261927,57.6544995476849,0.2743273043636683,1.2489930120090422,0.0020484397291340452,2.0014110296050376,162.13451254829928,0.32690824449677086,4.739571514079689,-0.003783102116383754,1.6811493155599304,72.6963933135097,0.23179461120630745,1.9019819793639705,0.00077323150353703,2.176849835581299,57.40374063540783,0.2655828865118329,1.1253278955118555,-389.96725,173.08925,-52.064144,-23.397747,-12.776346,15.192944,-17.409231,8.969459,-7.033869,-12.179902,-5.5850782,-1.3216443,-1.7724363,192.55549487448633,194.4249656985104,8.284830502737952,0.0004791907558683306,0.021316418424248695,-33.19244356166562,-32.72616593763643,-67.58183216219739,0.004224619718977754,2.1773647674476936e-05,0.001103828804711882,0.0015648817056870853,0.003311486414135669,0.02337884393913241,0.28853205183640784,0.010764461458851253,0.015969259997713557,0.03005534398515394,0.8059575749587529,1032.2613100377007,1654.0992589989748,2846.0552180303334,3643.0744248008064,16.855289148589346,1.0,-2.304931,1.9708587,-0.92955804,0.2783399,-440.5523,121.27481,-38.257782,58.560883,38.778633,9.597262,-41.874027,-10.993229,-4.1645565,-13.458123,-15.901743,-19.007423,-5.554075,193.9808767528027,193.9808767528027,8.608883112923362,0.000536937324795872,0.022111598402261734,-32.67448931952468,-32.255260110806944,-112.8133188303245,0.003132037886028689,1.6181431041211916e-05,0.0008108665523085225,0.001409661203506689,0.0024325996569255427,0.020465417804559977,0.31483048361666294,0.0071129499703363915,0.011633460080129155,0.023959811447599493,0.7628856663983283,405.62616424026845,2559.462479424711,2589.8965175507756,3292.745638318225,23.388391829382893,1.0,-2.5198252,2.4038393,-1.0979514,0.21874672,-479.07043,90.98754,-24.841444,81.4542,56.32587,12.098109,-26.964388,19.308432,-0.7257367,-20.851181,-19.131905,-17.271036,-4.412737,195.83741716466963,197.83575815614583,11.847444881319845,0.0004702343139797449,0.020409507676959038,-33.258300094961584,-33.1478158209055,-37.32237960080564,0.0048143659867991755,2.443445727151023e-05,0.0015383323245506304,0.0024332498878780347,0.0046149969736518645,0.02207530068775726,0.3169472598892753,0.006571721172144511,0.009623355182814158,0.01715471389608337,0.8708790026032284,337.1398245219908,2733.148828272033,3182.524292092038,3335.7572431669555,23.94880378355062,1.0,-2.3979747,2.191444,-0.97114813,0.18214096,-543.7491,163.87323,57.27518,51.574757,-9.8664255,-21.157581,-38.907253,-27.157194,-8.673361,-5.85451,-6.012401,-1.5255876,-8.988482,184.74215351729808,189.66861094442604,5.9706130410550395,0.0004915026947855949,0.02177760750055313,-33.12458172836144,-34.07811745197629,-132.78075846954792,0.003528082464458764,1.8621069022293167e-05,0.0005924789679501084,0.000965896535552579,0.0017774369038503072,0.019965608001572138,0.22998498318946525,0.005465793808514665,0.009325046960932221,0.02037206554262913,0.730617970303625,430.27511142265104,717.8379189205326,2700.839568645012,4197.170761784435,26.673286902986657,1.0,-2.0126555,1.3874781,-0.70612735,0.3374946,-574.08325,166.80658,61.01615,40.714447,6.507155,-3.0319393,-20.628756,-13.208178,-6.2074366,-12.545431,-6.6882973,-15.656583,-5.7677546,179.0589389129513,191.26750292974342,9.315595807671237,0.00041989487363025546,0.01893286593258381,-33.735209196459095,-33.24452777849738,-37.18466912689545,0.005725288396274782,3.001180437059618e-05,0.0012537441317597622,0.0024095081155534313,0.0037612323952793316,0.03232297368542197,0.3964033056365545,0.008947495145407158,0.01533208356044049,0.03483122967613079,0.8018530952377294,1033.6696379290413,2744.007945479425,4420.575350214387,4709.138998171806,24.45432300994203,1.0,-1.8849158,1.0551924,-0.42806506,0.26127866,0
24,AVPEPUDEAC0018a2.wav,0.007892239964974852,2.0421209160351315,37.82343834805847,0.2604456105464135,0.4551091078347602,0.0047620404626194,2.404391143957933,43.17628210197661,0.3204501098869952,0.8532822497518223,0.0022404958595450527,2.0418923670712745,104.0981872342934,0.3134206059558183,2.389584076289756,0.0020531491504452524,2.347261894683252,34.622066807332835,0.3022462462027642,0.7699388278705545,0.0004483284731361446,2.096816347064221,56.50960942622245,0.1979638403547397,1.131875007672888,-407.18362,173.71936,-51.881714,-19.126022,-9.489555,24.462482,-12.029935,-0.22095026,2.4963214,-14.86731,-8.841615,10.2199545,-7.9866896,186.4854280432303,189.0400229479321,8.549965400422344,0.00043191705481149256,0.019973283633589745,-33.626417458442084,-33.0168443076334,-53.1439807666349,0.0045105399623995065,2.391310091975813e-05,0.0010630529054378754,0.001817856721185305,0.0031891587163136214,0.035749824387909176,0.4664032620994348,0.015057602711192782,0.0218795584026326,0.038475961111559646,0.8155067859862475,1095.4853046128967,1570.3599925216206,2534.1644470619153,3406.33907864358,17.264105559995826,1.0,-2.4397979,2.2269402,-1.0434208,0.27077502,-430.94522,121.666016,-39.301804,63.711502,34.702026,14.843498,-44.04695,-11.371156,0.6873454,-17.459656,-12.4140415,-17.847576,-1.7277633,195.00960321340273,197.54219546292742,10.266941864784686,0.0008153989911079407,0.02626187354326248,-30.88185496317397,-30.038081122100923,-50.46373660136595,0.005350829762615199,2.716750404346793e-05,0.0013739912135671427,0.002111257992721159,0.004121973640701432,0.029510986044259873,0.379484070938391,0.008000329948728107,0.012639160745609588,0.025152895539949975,0.746102718474818,417.6755011831151,2434.8378944508663,2845.166472160425,3080.973156367836,23.815220519757332,1.0,-2.6748786,2.8276107,-1.501164,0.353855,-483.2516,91.9874,-21.109623,81.82697,55.75559,16.645744,-30.21991,16.941418,-0.113222234,-24.561146,-21.135147,-19.473389,-5.5139313,196.77956505575438,196.77956505575438,12.95138057150737,0.0004776226414833218,0.020351320505142212,-33.16366229146694,-32.51248249479237,-64.57226504242246,0.004890705051335876,2.4972094319711093e-05,0.0013408184019560018,0.002250121639805854,0.004022455205867972,0.029505513234755306,0.44261082177966615,0.0077556415679750955,0.010891240972740497,0.019602058529543786,0.845757165137597,365.04501587717533,2769.3335975656396,2869.3820898925587,3352.3098622813113,21.938452480602326,1.0,-2.458375,2.3356047,-1.103334,0.23093808,-527.92206,170.85234,42.66408,50.21808,0.51968247,-21.484205,-39.87393,-14.5873165,-7.049572,-16.214878,4.8373547,-11.028769,-11.08623,196.20841801620793,199.05201827731236,2.603632010482678,0.0009290389716625214,0.02855701372027397,-30.273994314421422,-29.9439773374714,-112.51090615888353,0.003037750628595234,1.5263654838943056e-05,0.0009060873139640795,0.001632427353524853,0.0027182619418922153,0.025517965097609365,0.3359242915354956,0.006442622266815098,0.011184417786019725,0.02008674771869903,0.7033179793513974,702.2010640775359,2759.5537208818146,4204.259012376573,4742.081766027644,28.041741163402826,1.0,-2.3898575,2.1810822,-1.1672163,0.38061318,-597.25574,166.87497,62.948013,38.749672,13.699723,-12.458992,-23.437721,-13.9955,-6.0559096,-4.293966,-6.102663,-14.825062,-1.6153469,183.32112342532722,183.32112342532722,10.543199571104665,0.00025047719827853143,0.014650044031441212,-35.982270239859666,-36.55204999304815,-132.77037912142228,0.004565208367446344,2.4988580199696093e-05,0.0010604235550791745,0.0019917940352696096,0.0031812706652375104,0.030497975075532136,0.5131781182811416,0.010000634283923646,0.01803403606623375,0.04173723996367448,0.7865115434027786,729.5891224718362,2692.389413979603,4283.519796050041,4645.160521942476,24.52467770008463,1.0,-1.6178893,0.27928177,0.31856588,0.024399724,0
25,AVPEPUDEAC0018a3.wav,0.007613319647737791,2.720701871994428,30.207093289297028,0.2500878214020923,0.22909292118861307,0.003952653557646652,2.46897771384135,41.26609036060501,0.283018222414574,0.7916668948351454,0.002179886853264306,2.0477415879915415,110.09480968186936,0.37219743663246924,2.586694218803766,-0.0007980564006216722,1.9814684106825904,50.45857161134446,0.26092317587029124,1.3579053198048383,0.0019404367387328904,2.351525106011458,44.219341314363085,0.2828337685108501,0.870611264251053,-428.51245,163.32259,-40.436813,-12.963051,-14.351464,32.163692,-7.5521407,-10.511604,6.7767377,-5.285147,-10.09149,13.117806,-6.9726095,186.79765967062355,186.79765967062355,7.5897330900730795,0.0002469398023094982,0.014862462878227234,-36.0286627486211,-35.19403076344282,-82.72463326064175,0.004686520482555523,2.5133148426069146e-05,0.0009330688481690941,0.0017571216909758,0.0027992065445072477,0.033502937325049977,0.4335658531456899,0.016047337322714066,0.021430956645978202,0.04567734906397363,0.8611900421626739,1115.4967778289345,1760.4710546711376,2774.7087852684494,3208.3940710059333,16.673676159477278,1.0,-2.4002795,2.3136327,-1.3178242,0.41983074,-456.48993,122.769806,-28.767733,60.89136,37.738663,16.641571,-44.27425,-9.423927,0.48119798,-20.803102,-17.103033,-14.495564,-0.9707928,191.02059680455213,191.02059680455213,12.423893715864349,0.0006234432221390307,0.02249317616224289,-32.049441219959135,-31.321592569838113,-36.94901266956057,0.007428998234563751,3.90682069828612e-05,0.0023033740251864917,0.0031622526177786684,0.006910122075559511,0.034489102151922496,0.4915393650828099,0.008878465209029985,0.013861021299253698,0.02695598160015544,0.7516708986498256,413.61892117286334,2486.99049161422,3003.0570881421568,4077.239824070131,22.651733991266916,1.0,-2.6311977,2.6410427,-1.2653022,0.25954333,-477.05585,91.41764,-21.983234,77.43534,55.167862,14.671537,-28.310173,9.319,1.3534371,-14.691755,-22.807909,-18.398663,-7.6392226,197.46643154224154,197.46643154224154,12.10339432283398,0.0006477616261690855,0.02352917566895485,-31.871665863367774,-31.090739636889555,-169.39903784243566,0.004317356045938533,2.1952794065287434e-05,0.0010036552295227131,0.001268795257277055,0.0030109656885681305,0.03214070032056043,0.45355308773363695,0.009380068525478501,0.01370314707087853,0.027822869209404816,0.8507437910998472,357.55545707558105,2025.9050719883053,2679.1553777402205,3254.098327460125,24.27380925627707,1.0,-2.3567944,2.0304945,-0.7963567,0.12609097,-526.07886,174.19907,43.56053,38.289772,-12.410101,-30.98425,-39.90173,-8.756904,-2.9819539,-9.790514,-0.07813838,-10.830579,-11.192676,202.54870371366977,217.01646826464616,9.164028735638745,0.0006987288361415267,0.025306526571512222,-31.511686336290246,-34.711152337945066,-160.81974246097704,0.0051281889046645695,2.3673891299002535e-05,0.0008199647120524154,0.0015176147593008627,0.002459894136157274,0.03652689969762777,0.3786926237538595,0.0125908846503198,0.01891543251210246,0.04067641828666483,0.705610470279723,0.0,438.1347658336324,809.7061909386264,2855.823100823319,23.385076165078228,1.0,-2.1136806,1.451464,-0.5359119,0.20332178,-566.118,180.68103,51.13759,28.905384,12.082684,-14.823907,-19.89963,-8.839672,-12.005616,-9.421605,-8.070112,-15.949356,-1.8677726,187.41098914734513,187.41098914734513,12.419132593151254,0.0005743182264268398,0.02182193659245968,-32.342687765278534,-36.55204999304815,-136.2441928578601,0.005591903923635473,2.9975279541561824e-05,0.001096307938504965,0.0018390634200821162,0.003288923815514886,0.03185203574975174,0.5568826489780924,0.009365325077399374,0.012138857782754746,0.02413704716336297,0.7596307111605138,646.075430449634,1049.7123507865679,2746.8685659715434,4204.918511158084,24.028601872457052,1.0,-1.860043,0.6213428,0.35743445,-0.1155321,0
26,AVPEPUDEAC0020a2.wav,-0.008776515768787388,0.9569898352926989,537583.7238983037,0.15566461862543893,5497.379721857906,0.004632917564577741,2.4774149242419012,41.00593183207125,0.24350464484805698,0.8148370689202078,0.0002983173563406464,1.907065107747577,261.00040107932887,0.19160508510802443,8.616031640679198,0.0002818699925487114,2.0757933479411474,43.16740661842886,0.3240185930187763,1.0447362740729107,-0.00012261253901425115,2.124647610129795,62.99554947624024,0.394492181562162,1.3149019701572866,-424.2219,190.19649,-44.016983,-28.889353,-8.637653,8.623754,-23.347876,10.162526,5.3736515,-21.392431,8.476309,14.858926,-10.260768,172.16635515346056,172.16635515346056,3.4186514345456884,0.00031742488499730825,0.01723773404955864,-34.990849883719925,-35.45239844549865,-509.07369146846673,0.0019162534595949306,1.1134671012405717e-05,0.0004488968425715529,0.0009048156090697935,0.0013466905277146409,0.03563453243547808,0.33338027373433876,0.017794497980676546,0.02836084129096574,0.055518854767509576,0.7357308065789628,1562.2849878641482,2668.078262705165,3639.010424677595,4072.7557210418568,20.694830006968512,1.0,-2.4098353,2.0721145,-0.83568585,0.18713152,-432.11676,123.14426,-25.88742,58.090546,35.91982,11.26916,-56.160378,-11.276624,13.353475,-20.135216,-17.880281,-18.735788,-10.348102,178.1936235260877,179.82842741164814,2.2216894724682885,0.0005030935863032937,0.021988414227962494,-32.967028218417525,-32.940425333637876,-131.99058455290353,0.002287719368918196,1.2723645719989987e-05,0.0006355299466347041,0.0011054612126948106,0.0019065898399041007,0.02074789512225051,0.23063093309624577,0.009802592838932677,0.015783277141691955,0.030560291744766575,0.7373613605609368,2532.638185514478,3189.8918181806866,3336.6006904573533,4412.701357702361,22.12764583886612,1.0,-2.5122287,2.4306006,-1.1668918,0.2561711,-520.7134,75.764915,-7.321642,103.24699,34.916412,15.485637,-17.602112,5.1683645,18.7528,-19.572712,-21.448587,-2.4689648,-15.045529,179.12965952353989,180.67388072632903,3.6636702222579185,0.00013113116438034922,0.011234335601329803,-38.81134227055471,-39.33499731791046,-139.17930417429147,0.003175198396642853,1.7581437389003146e-05,0.0008200192310931705,0.0014271651591558445,0.0024600576932795196,0.021049396453460604,0.21356011599939512,0.007793484611097313,0.012898998418227673,0.027184083261064,0.9180723263837423,305.5652691250587,2812.6318938091204,3624.4057004563347,3742.3499117854763,23.4154364702219,1.0,-2.293922,2.294894,-1.374721,0.37741733,-471.81534,150.38533,37.5371,56.70073,-11.86649,-25.748238,-51.712917,-8.357033,23.259565,-17.090485,-21.61563,3.7522259,-17.288242,181.44667330062018,183.06673288366142,3.332246846827949,0.001042724004946649,0.031643737107515335,-29.807892186762906,-30.025526711982835,-249.88111781600944,0.0022131622771362413,1.2093406003251487e-05,0.0004467499309324964,0.0008902494592939347,0.0013402497927975066,0.019646698515568994,0.18563087419789992,0.006429828605095315,0.01076787530684467,0.02073269490301862,0.7109373825097484,887.9997435084156,2697.1539088826976,3559.031169588135,4043.1429636760454,28.01135647661274,1.0,-2.2049277,1.8349411,-1.008616,0.38463318,-539.91077,122.04743,71.082565,74.89662,2.6672459,6.0539517,-26.793877,-4.6718636,22.683558,-1.1496558,-20.84405,-3.0308962,-13.241505,180.95532644283287,180.95532644283287,7.60966642333587,0.000925788888707757,0.029372939839959145,-30.348931137477948,-30.619396368902496,-195.46398151526546,0.004706878503357015,2.605973858674924e-05,0.0010594481978918413,0.0018384219479508728,0.0031783445936755085,0.020210400128782648,0.23888614156425725,0.007479005359254741,0.011601002537854966,0.02139732380565501,0.79778535409343,674.9414723455164,2766.265131759894,3348.048402383215,5156.35327214823,26.110084910716978,1.0,-2.0550342,1.6368785,-1.0596755,0.48112237,0
27,AVPEPUDEAC0020a3.wav,-0.016340137360451465,0.8623780100096357,640132.6068633766,0.19025672429094445,2832.5383667387364,0.005976968794094253,2.3063734578357766,47.02310045527758,0.38953974741873293,1.028144064433582,0.0008853251236634945,1.900688668895077,923.4125103569362,0.3380551531838624,90.60666923851765,0.00038473874192529835,2.027829984194895,55.01290799998973,0.5414025002085003,1.245933813077129,0.0016758194863318466,2.0552401637109714,84.02399318732837,0.6869239473587673,1.7552255569010775,-409.39847,194.75311,-50.094765,-26.998508,-7.897812,-2.3698425,-22.952248,22.583126,-2.4601953,-18.50224,8.668887,11.725943,-11.217615,167.34450818427283,170.72520531930863,4.060452147790397,0.0005209429073147476,0.021488841623067856,-32.808580967756804,-31.68648129431777,-47.330455785966414,0.0026408051227919463,1.5477016472348582e-05,0.0007974016950530734,0.001399561879191753,0.0023922050851592496,0.04165531510564976,0.5727345134194669,0.01846423541917099,0.027112047599344918,0.0436795696577692,0.7319230085099586,896.1076628479534,1555.8203794505885,2756.1142470830314,2764.1562661739,17.755485627723658,1.0,-2.5202494,2.3003035,-0.96073115,0.19324772,-384.27307,131.49197,-40.789658,55.334515,32.80531,11.574551,-57.910355,-9.950193,8.391649,-21.65797,-20.007336,-15.700708,-16.386372,180.64310671087242,182.1611160109638,2.6239377424271546,0.0012938606087118387,0.035396479070186615,-28.863896563995706,-28.965519584325243,-132.97383009064365,0.002396718946678442,1.3159822009662712e-05,0.0007137696589505629,0.001242954796360817,0.0021413089768516913,0.02026892391066949,0.18341415026378327,0.01014814494727695,0.016788971222641808,0.029903728122360137,0.739156206346516,2500.8278781835747,2977.434723735799,3216.1864238975854,4189.95685744743,22.01976570077375,1.0,-2.6270185,2.6595266,-1.2970467,0.27081424,-467.31723,73.53298,-11.402436,106.24019,26.214685,17.869003,-11.318532,2.9278193,18.452923,-21.383257,-26.169022,-0.94662386,-5.549438,182.71775331004613,184.34916182174297,6.7213655234762335,0.0004119580262340605,0.01974528655409813,-33.846994021848246,-34.804626742433314,-34.60175346253573,0.003186917728320696,1.730855295446109e-05,0.0010631152301207262,0.0014728834046862794,0.003189345690362176,0.022006651884700665,0.2090488810102794,0.009530935332289107,0.012930248461363127,0.02248029681016881,0.9193723347918509,0.0,285.48291812145374,2800.67122446792,3515.9279174283984,23.34758048234909,1.0,-2.3079433,2.2792587,-1.2778381,0.3107337,-410.15787,161.73703,31.030407,46.10674,-15.570302,-23.404325,-48.181583,-7.5459385,15.070493,-14.327809,-21.429209,-5.978077,-14.8258095,181.5515034127582,183.48290238523438,4.096811783613514,0.0022942235227674246,0.04719262197613716,-26.39690642737644,-26.749262687160808,-81.20518243665387,0.004399028743161964,2.3987025186965065e-05,0.0012905764854776358,0.002470778965523908,0.003871729456432892,0.03402082086338524,0.31783961737016725,0.014279114965054096,0.02557954102393946,0.059464577243102265,0.7473571472234305,894.7027343019773,2695.4723322005875,3588.7243015840363,4052.147820674096,21.609664754211536,1.0,-2.1761117,1.7575116,-0.9286444,0.35218757,-494.81415,141.17508,61.552437,62.03755,6.052931,2.0448873,-22.044289,-9.617331,16.320833,-2.0805292,-27.528759,-4.2785897,-4.6287355,186.36311748522027,189.5762746832413,18.202789910354106,0.0023736022412776947,0.04504759982228279,-26.265949110484534,-36.55204999304815,-158.18414915629998,0.007079501714560286,3.7714322624852627e-05,0.0012443384230501956,0.0018578429273221216,0.003733015269150552,0.038749767886843034,0.4999627754192001,0.012021137236184275,0.018476882912238726,0.03707369916038821,0.823006081365357,724.9799503149533,2656.4721025158456,3275.0837331849584,5015.487377132943,24.640402029864283,1.0,-2.0263596,1.4560217,-0.788865,0.36210543,0
28,AVPEPUDEAC0021a1.wav,0.013070881036341854,2.81734971344758,16.68647949984247,0.6185101863774378,0.43943413185674257,0.024247007108565692,2.792742723625402,32.90159317051105,0.7220229581611144,0.6905854716418697,0.021719004189333622,2.337835000658051,63.277724543659794,0.7545549225765729,1.2963755148794842,0.002984258077456157,2.169496045175528,29.50098831241386,0.6772344317057224,0.7229099310056233,0.006405973659782405,2.292319330158232,45.23493572060572,0.9006963174358239,0.966049509587273,-275.97427,191.34169,-44.840145,-7.3472695,-4.6155324,-40.83211,-17.849346,-0.46795997,-3.6192,-6.187676,-24.726587,-3.2881405,0.8834856,140.4196849961422,142.41145357764776,3.091848383409559,0.009244151413440704,0.09245765954256058,-20.3376358842485,-20.220820992702624,-235.77459530882578,0.002475355992051509,1.7389777695098958e-05,0.000517165478927351,0.0011786096645032078,0.0015514964367820273,0.019297597069093293,0.20242909830492392,0.007995882164812323,0.01153209084555052,0.023120679888601947,0.6251727992732806,1159.1087021497008,2433.9558607452614,3328.8910612312593,3796.6958371832966,20.157673301407442,1.0,-2.2093074,1.3234985,0.081701845,-0.18795508,-284.49133,161.97745,-59.869133,17.627714,36.145027,38.113995,-35.01158,-36.5364,-9.993518,-20.071074,-30.641687,1.6642789,-8.831293,140.31865350167823,141.4148929821601,1.9429047941647761,0.006201769225299358,0.07695295661687851,-22.05720979456241,-22.27568956452543,-166.36090815627915,0.002716263434123534,1.921132730058847e-05,0.0006279896981927334,0.0012899072772468907,0.0018839690945781924,0.015723081948416782,0.17568484503297238,0.006739969718482468,0.010680463552482172,0.018293359689326317,0.693930104053299,1804.0068460591756,2502.372415195333,3290.5930876507414,3493.069588058044,19.11929157322825,1.0,-2.6868553,2.5870934,-0.9831692,0.08783199,-315.17917,143.16891,-69.20046,47.11718,49.515545,48.14034,-29.929766,-34.277393,2.2813256,-6.253176,-31.634647,-13.01016,-20.64744,143.71362478891933,143.71362478891933,5.277323688518403,0.004083248786628246,0.06211920455098152,-23.875982476766985,-23.418061116639137,-119.4506507289393,0.003489038035189145,2.4306914075166193e-05,0.0006972888225613732,0.0013318019643212865,0.002091866467684141,0.019225981988258967,0.20284488827349956,0.007631622685332891,0.01226224484574336,0.025566504458637843,0.8049204055999891,345.7444138419831,2029.3870621749722,2609.1024123538486,3204.692687200014,20.060336476701096,1.0,-2.8739257,3.1620202,-1.5820312,0.30046046,-338.50876,200.06013,-13.982665,32.122505,5.335953,-35.790886,-45.6431,-7.8108377,22.236393,-6.209188,-39.952633,4.566341,-9.37491,136.71371081868213,140.54680551453305,1.097722466815789,0.006162549369037151,0.07728546112775803,-22.10142527945586,-22.02615138167202,-185.46638164823366,0.002105788376059584,1.4983750900971855e-05,0.0005845945305374848,0.001014400388253938,0.001753783591612436,0.014127101997356497,0.14685926152326698,0.0053304893389204576,0.008373715096923187,0.01506409849647378,0.6895593037702665,972.4349190405699,2723.811072212174,3301.0416269609477,3956.0288886024982,24.654958174103836,1.0,-2.7619438,2.7389712,-1.1305323,0.15669425,-370.94952,189.01808,5.124995,46.41134,18.145657,-14.018868,-44.397755,-25.363533,29.512568,-1.7194098,-35.342815,-4.6251655,-9.072895,142.24739420989042,143.71386219143565,1.5741424671926119,0.006542174145579338,0.07981696724891663,-21.844088255007414,-22.37801977471273,-217.34095829005994,0.0024475224363308115,1.703260460470511e-05,0.000584562832629939,0.0010139345115119382,0.0017536884978898157,0.010378796329557186,0.10709033597474142,0.0036107656840152734,0.0054678732627615745,0.00973542486443785,0.749851061546638,831.5872872560478,2516.4007960446497,3183.156708678879,3731.0683518985006,27.404811614738623,1.0,-2.886817,3.2211304,-1.7235765,0.39136627,0
29,AVPEPUDEAC0021a2.wav,0.030627229943265544,3.2467848494463882,16.648640139734237,1.0892193712241065,0.377650404195137,0.03280832897162544,2.5399267527222813,31.45315873822911,1.214856722995224,0.6600067291796617,0.03675874161687427,2.3939852825569665,58.21174688371128,1.3474859564086539,1.0837824234911753,-0.0025838537176832515,1.9925664681325106,33.03620099627286,1.2668398625645176,0.7462628096990395,0.010809333137757138,2.365026541011092,42.05921063755529,1.6153299955852225,0.8557305874836335,-250.97174,201.26031,-38.548313,4.658436,-8.165977,-35.625156,-35.402927,-2.7958558,6.351466,-8.1628,-33.280827,-0.11006422,0.52519286,136.9986820434278,142.2678621220212,1.8530377515130232,0.025567570701241493,0.1548922061920166,-15.879320074065147,-15.65764568104175,-259.0543650495176,0.0029499374430280866,2.0738648393005896e-05,0.0006220631723311251,0.0012373532588805364,0.0018661895169933818,0.01775224683148129,0.20927974907052074,0.00653940480609304,0.010182643845583907,0.01716926646870416,0.6188828743508377,1122.3295933294846,2561.0730350837694,3310.7910997623344,3701.8046402875784,21.201296657096766,1.0,-2.7802927,2.7942846,-1.1921815,0.18239999,-228.38849,171.8279,-62.610554,12.79516,23.711437,31.494074,-28.707382,-37.28117,-10.938085,-20.284948,-37.25696,7.044774,-1.9023747,143.43519680329447,144.76330047739904,2.235674424941192,0.017682330682873726,0.13082857429981232,-17.522979918445042,-17.445376974266793,-81.16994809888722,0.002939177605428117,2.030802022769666e-05,0.000683672967889211,0.0012754551867394113,0.002051018903667645,0.019270120942459754,0.20933721283723092,0.008585379287814868,0.012269781287495538,0.02356975905107099,0.6973548054031867,1680.3589606065386,2475.5266412429582,3303.8533901422597,3712.51694514619,18.99895523744261,1.0,-2.7892137,2.8625302,-1.2375302,0.1689069,-263.61923,141.49835,-71.30491,44.665825,50.050972,44.85037,-29.52737,-34.679886,-4.2824473,-4.7381535,-29.190783,-11.670233,-26.844816,144.643368950522,146.9952936489045,3.399430576793614,0.012087195180356503,0.10859125852584839,-19.15638530734421,-19.045259425172205,-204.82187298915466,0.002401617944684828,1.6346658907420056e-05,0.0005257774552337861,0.0009982811302024707,0.001577332365701337,0.017807293198092662,0.17228530467461192,0.006943258349761101,0.010443063729214823,0.021013391592789872,0.8064806675498489,1991.214929094253,2555.846747012803,3201.1469536264444,4069.7615960342905,21.0075803974887,1.0,-2.8308856,3.024684,-1.4380207,0.2500664,-285.3167,204.41359,-19.585003,29.135645,-5.0202518,-27.429104,-42.677578,-10.930907,30.900322,-15.250874,-46.016724,1.0584184,-11.078387,143.4247835977554,144.77784759396064,2.848556029303781,0.017925307154655457,0.13159318268299103,-17.45371236609865,-17.34833524559588,-251.9419440301517,0.003401717282837729,2.3505396183876063e-05,0.0005424329987559052,0.0012102995461689941,0.0016272989962677008,0.014336130145074993,0.1430218365481671,0.00556965433105729,0.00784137488594404,0.0169835523259689,0.7087248087588687,1017.2518215938554,2675.312461678122,3310.2523245568364,3585.422803225338,23.012683065514207,1.0,-2.948591,3.267299,-1.6373944,0.3215953,-320.19543,180.50331,11.681697,56.490326,23.327854,-22.578514,-45.213013,-25.639908,13.631749,-4.22649,-26.145378,-3.1690154,-10.115326,142.54757437584533,145.75089065395423,2.8668898045246185,0.02041861042380333,0.13935306668281555,-16.871476751717974,-16.997392967387718,-233.05936500776056,0.0030834247251059674,2.1163607753315112e-05,0.0006018057131155005,0.0009950337934415672,0.0018054171393465858,0.017879002451947953,0.21351278956575404,0.00522478040166659,0.008351230949793339,0.02036657653564548,0.747631774257186,764.5892545048341,2523.2468769068605,3153.2310535789375,4082.4221576040386,27.494856750618258,1.0,-2.6296666,2.609909,-1.2903485,0.3125344,0
30,AVPEPUDEAC0021a3.wav,0.07938385442353109,3.6275770782594443,17.127050277136703,2.402638383324548,0.3716587043329863,0.03598490554771293,2.20691251362053,35.61870969187074,1.9267944151675487,0.7331910884246798,0.03779924392499978,2.330176468843364,56.66031097887872,1.764226045273739,1.0493384093423292,0.0185442387223695,2.411499680535641,22.806862777913736,1.987759331323613,0.5104089252074716,0.002146042821808746,2.021867234552472,49.21281908843,2.3099888749074444,1.0733284441164075,-185.23358,183.81033,-32.906784,0.14574715,-13.81008,-41.972008,-46.5247,-8.559653,8.349918,-14.241002,-38.092937,-2.849849,-0.34436312,147.15310363921395,149.9829710168911,3.364567764500138,0.12555380165576935,0.34525206685066223,-8.985689946129165,-8.634476532852867,-116.3116786607602,0.0037258373307824367,2.4854358069708025e-05,0.0008050203473486,0.0014144566993924703,0.0024150610420458217,0.01373729992150727,0.1420791136659336,0.00600416877645888,0.008908495227605437,0.01327537463376209,0.6057852095344999,1123.9906007319569,2710.3497932471546,3295.406768151024,3693.7624916480686,23.40414765627405,1.0,-2.4969041,2.0431268,-0.5410967,-0.0005166962,-191.10472,169.8801,-65.31122,10.090944,22.065111,23.940603,-28.379602,-35.186916,-16.148285,-25.509985,-38.614197,1.3528996,-0.23627836,148.28535383166962,148.28535383166962,2.295272133187932,0.039617374539375305,0.19549237191677094,-14.018616266975894,-13.47109673650656,-192.30034564728732,0.0038476346509403033,2.595381086091558e-05,0.0007169297198302556,0.0015593783133810075,0.0021507891594907806,0.020257057814017806,0.19369114897247539,0.00919304313522399,0.011755045091198707,0.01869205134451403,0.7182278779517851,1621.8678207061225,2485.561289499824,3331.2244382716003,3694.0755388518155,19.281825606577335,1.0,-2.6628213,2.4873333,-0.84156287,0.021650549,-248.29926,157.92995,-62.99351,34.404144,44.138924,47.19423,-29.182762,-35.568607,-7.0093646,-9.971969,-26.71097,-21.034634,-13.870337,146.0829035253815,147.5011841421328,1.9440450365539244,0.020178547129034996,0.13980144262313843,-16.946590587250704,-16.823195846795592,-212.90565958625157,0.002720074024644036,1.8444209857109997e-05,0.00059797348484082,0.0011881134106836876,0.0017939204545225056,0.01696004508444446,0.19453805300872773,0.007690715479641931,0.011595117614785846,0.021740568156399468,0.8081061367801262,361.55852958524144,1917.9312122063852,2507.4394019598,3122.151046111705,21.71593879248679,1.0,-2.8022473,2.874345,-1.2246218,0.15615666,-229.83554,194.06436,-25.157541,18.065037,-6.2839804,-22.661762,-36.180103,-11.5476,24.082184,-15.672323,-57.086372,-12.538688,-3.433546,144.34149970380622,145.63026309401877,5.229628045009516,0.05673689395189285,0.22802916169166565,-12.439895522994409,-12.068384853596333,-296.71479692017454,0.0029494822903004345,2.0281016646862563e-05,0.00064429693962276,0.0013131263371988055,0.0019328908188683007,0.018266056974527812,0.20893067681187083,0.006405599027534624,0.008771428544968722,0.014858206624869781,0.6729167371400645,1060.7270399356648,2675.2455560537696,3331.166255164686,3472.600038353033,23.22612473542192,1.0,-2.9340565,3.1927347,-1.5294254,0.2737385,-273.1801,191.75647,-2.2066069,37.091187,6.6588655,-17.297058,-38.991024,-30.852966,30.475306,5.3769913,-45.264713,-7.5573206,-13.402504,147.5510954031296,149.15491165751146,3.1906829185198795,0.04327017441391945,0.2054603546857834,-13.622261790071272,-13.9538881944234,-413.9465078323927,0.002286357092233326,1.5335860394417725e-05,0.0005088512736628114,0.0010530207631711801,0.0015265538209884371,0.01775166331806951,0.1937428005612174,0.005834699436616101,0.008977144329035248,0.017678045368673474,0.7470003493225351,898.4691149704242,2485.7872674027703,3160.2681391669157,3892.137736053885,27.35995382323485,1.0,-2.8744488,3.1185622,-1.5597785,0.31786725,0
31,AVPEPUDEAC0026a1.wav,0.014706718098632441,1.3462990163215776,50704.30508526189,0.5004518400881559,3312.1427540120353,0.008197837310529595,1.7025428536365614,14893.726132101569,0.42379615590741915,3274.9631557406406,0.00791832207495342,2.276129055395705,219.82755275602892,0.5971622243664106,3.8818675519756023,-0.012187785119346409,1.0824274482970846,212562.38276655838,0.3878834009031704,3935.6084899627913,0.003147225182594691,2.2428394516201533,56.16247602119013,0.4247502241817005,1.2710468736274587,-422.0963,228.01015,-33.048756,-3.41969,4.808172,-35.076508,-34.184456,7.62792,16.759447,19.871136,4.8327703,-19.78698,7.6551023,123.0929671906552,129.7108686525184,2.335865319631499,0.001162886619567871,0.032343849539756775,-29.34773959752514,-29.175273296015394,-98.33411555538486,0.0033828273665534505,2.6088240871254242e-05,0.0006871499579766591,0.0012171758686880486,0.0020614498739299674,0.02127301477054121,0.3174096729942701,0.007318400108089687,0.013675509495347923,0.030131964685893468,0.8959790209901616,1025.8454056641808,2530.5752464236575,3002.652565831916,4009.0298675435915,17.66780663916473,1.0,-2.725071,2.4892056,-0.75884205,-0.0024898553,-429.65176,196.91052,-53.99137,22.712746,71.12763,20.434956,-38.43859,-20.960503,-3.117473,-3.9431481,11.538981,-6.230653,-19.569464,122.56558146774255,125.7082886848642,3.2282694483459813,0.0004408402310218662,0.020269816741347313,-33.52559673096845,-33.43568683192107,-156.6294969204918,0.003399404487846719,2.7059133158895077e-05,0.0007427727373217492,0.0015169923773112014,0.0022283182119652387,0.02874451059035178,0.35421307796097706,0.010056502202170733,0.019080371339284096,0.034626795414564086,1.0299925277794892,0.0,467.6638527278619,1973.3123199193653,2477.940820105397,13.258212281406752,1.0,-2.6524854,2.291795,-0.48408493,-0.15351416,-489.8392,143.4643,-48.525337,51.003574,86.15646,33.79895,-31.659674,-7.7619467,28.497454,5.4718313,3.5247579,0.3422769,-16.848957,133.49223577026714,134.9754828343812,5.6910101717139145,0.0005870035383850336,0.02305757626891136,-32.31112887165151,-31.825709004634568,-69.63262327328769,0.004151329965353662,3.080446021128983e-05,0.0011470848764785265,0.001932836813782001,0.003441254629435562,0.027229399864431993,0.4032121038618968,0.009312833806015771,0.01765847444619337,0.03568278978051854,1.1163777159564598,149.6890217985465,2113.009255804516,2658.1384141379604,3200.3528816224475,18.229994194747484,1.0,-2.5758169,2.141521,-0.36378163,-0.20099926,-507.65497,201.59486,21.376987,28.939384,33.24113,-8.01874,-57.715317,-37.28046,9.725426,11.842582,-8.901955,-4.838999,14.856714,131.2415553368051,135.52117127170092,2.492789288437202,0.000755955115891993,0.025909798219799995,-31.195883289955063,-30.746442909615276,-267.3610161254304,0.0025603983241450443,1.889939502217824e-05,0.0006191900054012106,0.001313581942727979,0.0018575700162036498,0.03012025770114553,0.4454300923504519,0.012128150484803127,0.020194926962403038,0.037935918630652224,0.8278223925063833,638.5893352242922,2460.647584189707,2914.7449725958536,3682.224642498516,19.43664832404721,1.0,-2.3674455,1.5135307,0.11317426,-0.25710428,-534.9247,182.74089,37.511597,41.567467,43.976845,-2.8600132,-43.833504,-34.343216,-0.7552396,-2.9953284,-11.49486,-1.5242167,0.19725075,151.40805523400167,152.72464701864516,1.664784463636285,0.001302580814808607,0.03566355258226395,-28.82281601715652,-29.179690621438862,-674.667019874369,0.001796901688910841,1.1767006239982788e-05,0.0003309610933664182,0.0006111590059214014,0.0009928832800992593,0.018237014975571904,0.17408548437223154,0.006083953374756415,0.010730475143706205,0.02194555418461598,0.7716529622034801,609.9221109069296,2255.7725350090914,2888.1158559252367,3658.286365876716,30.130767274861523,1.0,-2.0932486,0.96182644,0.3743227,-0.24082094,0
32,AVPEPUDEAC0026a2.wav,-0.005929209313963239,0.9030245189973436,1354643.253305512,0.2247955848548718,4989.190365901091,0.0051875614824642815,1.4322903249351007,38106.88365877147,0.3837496871327474,3664.16171659883,0.006257557412419802,1.9215440529224914,9562.171562394502,0.3981677230454673,4171.840040780458,-0.01235671993056389,1.6455947507657147,33.328600411154845,0.3732866924105052,0.7508248573650984,0.0029154995730593983,2.410594044465732,46.32642716051678,0.31815759606112964,0.6870536247959903,-436.69522,229.56685,-36.254715,-13.193621,11.404525,-25.471237,-23.79338,4.8270574,10.676301,18.296724,7.484698,-11.224306,5.4050784,110.31697135703136,116.44569198797753,2.4029070087290383,0.0004053679876960814,0.018997566774487495,-33.8923312115525,-33.46766375604443,-345.1295486657992,0.002549425310941186,2.1902969098366053e-05,0.0004528518604987713,0.0008660240484645375,0.0013585555814963136,0.03254708425159157,0.4017228786334662,0.0157706844951763,0.024591474573086306,0.03871517756247943,0.8317520336648924,1126.1967766944592,2457.9939040411864,2716.9058769491317,3979.9472435357957,16.506619168018087,1.0,-2.6775746,2.331796,-0.5530807,-0.098235585,-426.73114,192.32043,-50.942642,26.06336,72.63056,24.516064,-36.49013,-19.8028,-7.1399245,3.9909332,14.48844,-12.288526,-20.394224,120.8129313157685,120.8129313157685,7.207271635529742,0.0005026851431466639,0.02149551548063755,-32.980823028717005,-31.572685523562402,-67.11333678593965,0.003956388232600529,3.286146265975679e-05,0.0006541162061469667,0.00134775144720798,0.001962348618440945,0.044985955010671104,0.5015306782084875,0.02053687651936838,0.02573567476085201,0.05226191279268022,0.964820918775213,475.910790958108,1977.8868271021013,2428.2207666021477,3083.659693662599,14.724204840178174,1.0,-2.700881,2.4315639,-0.6280589,-0.100218594,-497.40152,139.82768,-52.368946,49.060635,83.738106,32.953247,-36.86354,-10.237519,25.429708,-1.7527992,7.287957,1.4425423,-22.14646,136.37076643074627,136.37076643074627,6.843584258702463,0.00034223333932459354,0.01706845685839653,-34.648549202013356,-33.60102447489735,-72.83192015570829,0.00739806687158398,5.4380091443754246e-05,0.001137197208877647,0.0021680051907291024,0.0034115916266329077,0.047094245652229284,0.6127366431257022,0.017553292927994027,0.028424557441352787,0.06458556800985052,1.0476897274278698,2107.940757646975,2635.9995625496354,3188.8019344268773,3981.504545613265,13.988742258674748,1.0,-2.7324805,2.5898852,-0.8121927,-0.04337111,-466.72543,187.9996,24.70585,22.726904,29.534824,-25.323435,-65.069786,-35.78618,9.604757,6.3869023,-7.231128,2.609304,7.0155663,131.89778927631102,135.66629754134848,7.700399530038128,0.001368822529911995,0.03292614594101906,-28.60309371830235,-28.322730508821095,-586.1123250773597,0.0029514203915158607,2.1828232669159433e-05,0.0004815955808883674,0.000858775861037135,0.0014447867426651453,0.03881352496176542,0.37892709534122226,0.015088072095812866,0.02417538820830717,0.061351367394878495,0.7064162369151366,764.8229596569682,2439.7614112584615,2998.811328602711,3745.7122998894715,20.454322064249677,1.0,-2.396243,1.6648812,-0.11587569,-0.15002519,-532.8912,181.35521,29.084665,40.22733,41.080906,-0.55304945,-41.643135,-28.848309,5.4177294,-0.1908236,-7.478519,0.86649954,-6.773108,141.39750181005863,143.6781066779628,9.898229601291352,0.0005084069562144578,0.019860077649354935,-32.89271572398788,-36.55204999304815,-31.151624000813918,0.008016558919203961,5.608448410649592e-05,0.001269673909493261,0.0021487277418475417,0.0038090217284797996,0.05489751476393743,0.5858591972984437,0.015459758795463824,0.02657753004191644,0.06487752240288033,0.8431888335908675,2157.1121639896182,2834.6355422297165,3771.305699116423,4617.439411229392,21.26452353484418,1.0,-2.1078522,1.1341065,0.09037502,-0.11444427,0
33,AVPEPUDEAC0026a3.wav,-0.014999959110658335,0.8864986002891635,1027001.1065565501,0.34259930831695296,3562.457736277585,0.007453073443408422,1.4956387207658037,40220.780684778336,0.41345123976332876,5730.00025087884,0.009285164217134621,2.3140953620803515,172.880440805229,0.39222765200696474,2.5211851036642456,0.0043755106936198915,2.7459270404540104,18.981102822907125,0.3800619435075141,0.37943567453997784,0.017212181924271874,2.8245303438255993,44.0537136248448,1.1943785343515945,0.8930637127130996,-411.691,229.81142,-25.609865,2.6710207,4.9199786,-34.05543,-44.578938,12.105494,8.090542,19.742588,16.849516,-25.079649,6.27267,116.72447585336006,119.31835309454584,3.3306932106944678,0.000932977651245892,0.029189474880695343,-30.2814108238273,-29.544912377038834,-183.6851219272697,0.0032497570743143713,2.7257648204099795e-05,0.0005288594085146283,0.0009267930268374651,0.0015865782255438893,0.026881870531977044,0.3389756523723587,0.010889002939434103,0.014580237166188982,0.029003060312648245,0.8179511420257252,975.9806008379134,2498.7398099688126,2990.1094181662693,4084.477164705947,18.992124119093706,1.0,-2.795431,2.8338084,-1.2340899,0.20055085,-412.7263,205.29086,-61.99576,17.699495,72.00059,17.821545,-37.422134,-21.596655,-14.605276,-1.1246225,16.824911,-14.323546,-16.508165,121.7339227698275,125.42282952042835,1.6620292496219569,0.0005616431008093059,0.023455938324332237,-32.51202801552913,-31.976018533596427,-467.56499270276225,0.0022264356582852108,1.775452353832228e-05,0.0004123623268952235,0.0008234866675850082,0.001237086980685631,0.021132965504685398,0.24314364128833998,0.00868482979206758,0.014302443975558266,0.028316267564324277,0.9503182615512663,1884.362219312462,2417.1183294814905,3070.9803311729697,4216.012992967329,15.832432017694558,1.0,-2.737371,2.5244226,-0.7132345,-0.07195472,-496.77786,138.58998,-59.31723,48.829647,86.99383,30.611282,-34.143314,-7.7224007,25.76178,-0.031032674,10.722447,3.3226302,-19.85732,133.24031818022868,135.87874032241143,3.7738951260536093,0.00032388532417826355,0.01662989892065525,-34.89232887706201,-33.841094303526944,-94.2556297165099,0.004054175235209633,2.985966039664268e-05,0.0009174332296761665,0.0015335881351126615,0.002752299689028516,0.04001952922999944,0.5078022437228356,0.014779416845239592,0.02512519963241016,0.0576358049737918,1.061992501447973,2080.3814848298075,2638.9756600894657,3198.5324402941546,4002.1483355208297,16.02399883532897,1.0,-2.737224,2.5842936,-0.7909971,-0.054269094,-466.54105,189.65208,24.853516,40.931576,25.022667,-36.326588,-53.727615,-21.627817,3.667665,-13.997054,-12.0063095,8.386274,2.0246992,126.75419563587765,143.65475505399468,4.878556084955195,0.002078042598441243,0.04121430218219757,-26.777498619634205,-26.070905997079706,-313.90452357125963,0.0031501842451496205,2.1954833591570205e-05,0.0005739173583631669,0.0010004859685185188,0.001721752075089516,0.039211558195835314,0.4013495158231881,0.01082744641878401,0.017911419106185697,0.04157061228926902,0.6725202271300155,731.7567235893637,2639.3107451690066,3256.2855250108923,3907.198120160683,21.710602809369483,1.0,-2.5528038,2.053716,-0.42330799,-0.074761584,-449.39142,150.34746,50.534996,42.563885,34.526394,2.2794774,-25.07641,-19.9904,2.0170188,-15.647477,-30.20124,-10.610106,-9.455363,167.59636258463445,167.59636258463445,2.384321460972775,0.01044814009219408,0.09140225499868393,-19.772242960945682,-19.06453509114257,-606.9760082598953,0.001865036831537821,1.1130395684683071e-05,0.00044164019457769253,0.0008087830306761025,0.0013249205837330693,0.03819219668750071,0.4180855640335993,0.008078410535746976,0.016885924001664384,0.0423822228488108,0.7436363226639306,527.1303935233236,2420.7235470493,2998.953197320344,3870.518487063307,27.927259084318994,1.0,-2.448869,2.124537,-0.89226294,0.21829668,0
34,AVPEPUDEAC0027a1.wav,-0.026298320636815004,1.354683312589749,28.27235922720086,0.3359384910093384,1.1742089202009907,0.013471236664644462,2.845071706188878,25.873446108000415,0.45454075073249134,0.6827834530342521,0.015328151879355352,2.936854574884592,37.849557364513615,0.6457737334743027,0.9107368680292827,0.01000737252087467,2.9655806318713527,23.6240886430558,0.42499377996217563,0.6906656868737776,0.007827581329853246,2.7660252618431236,37.98979295808572,0.4917117195269075,0.9131732143078866,-302.72952,175.65111,-59.215416,-40.110683,0.87991476,-24.608683,-23.478241,1.1982839,-0.94653684,-10.367929,-7.232652,6.0923085,-2.5319395,180.08000149956524,185.12897350422594,8.591474054510961,0.003289490705356002,0.05434294790029526,-24.809675817809612,-23.894496845322625,-38.57169763924818,0.00474339895230373,2.568289130597244e-05,0.000983183375263346,0.0017082991759218749,0.002949550125790013,0.03631100197176213,0.39187812306807335,0.014591495015608464,0.024109290358311827,0.04518929435830634,0.6333010083612971,1501.330708660054,2627.8774662944556,3548.2182355828168,4151.473104975004,13.948336028341085,1.0,-2.172266,1.1213882,0.41206408,-0.350771,-335.32254,130.33363,-50.269283,21.178556,34.451748,9.745185,-51.67719,-42.9051,-26.883781,-17.837477,-16.809216,0.51705486,-19.863102,180.44356700497676,188.35775854028273,6.776445864856535,0.0036316178739070892,0.0567556731402874,-24.38018113697808,-24.813642930355268,-53.38750817911429,0.0036109457168084125,1.91972497694361e-05,0.0009148034605574296,0.0014569826454819289,0.0027444103816723067,0.03958776283403751,0.3528890329589312,0.01718114489996977,0.028868406298752664,0.05823187155675231,0.6411729324036917,534.1973087928926,2017.6902090019216,2639.1473251047314,3567.33285532261,15.231495792353021,1.0,-2.352715,1.8003572,-0.41528916,-0.02526345,-360.26984,109.70554,-47.416683,57.15219,46.788666,16.84992,-47.616997,-32.621014,-14.142304,-18.158403,-24.847685,-14.4722,-18.013895,174.41386754256717,187.1315453842127,7.320696160250387,0.004451998509466648,0.06214738264679909,-23.510040171613802,-22.738896298935344,-47.87993193105703,0.003345761881512381,1.7908555242458882e-05,0.000811697630044373,0.0014485211536476549,0.002435092890133084,0.035727944542042415,0.34491345425541364,0.018023113607849497,0.025940237284064863,0.04848132780551807,0.6911490210237471,388.48881219950783,2207.437733552876,2620.0540168624716,3506.301873978513,17.552632095452154,1.0,-2.525401,2.3379886,-0.9600054,0.15116177,-382.9223,165.00275,-12.865005,19.43177,-8.504069,-50.39015,-32.497646,1.4014663,-3.846952,-28.41125,-17.935394,-4.158714,-15.938748,182.71044606795104,186.72606026724668,6.804290514367052,0.003677841741591692,0.058892905712127686,-24.33587567458328,-24.71066342451799,-189.69976795458948,0.003982026777368709,2.1355157845129035e-05,0.000835147059496395,0.0016136528993826828,0.0025054411784891776,0.03753756622151685,0.4272169707044007,0.01600371788992976,0.02641908432962829,0.0481782023525004,0.6088056907039607,1063.2763027271328,2592.340286702933,3431.442287279122,4069.143127958289,19.91660933765562,1.0,-2.2354496,1.4992124,-0.2168953,-0.041595176,-444.8011,151.09293,36.792873,45.48873,9.232296,-32.630424,-42.76315,-1.9541111,-13.123346,-11.796114,-16.49319,-7.425874,-10.970868,172.7210799267495,179.45047265116833,17.311674565399368,0.002470434410497546,0.04703895002603531,-26.04875970640291,-25.948383184459068,-31.313493994077945,0.008428307343360279,4.756156108388047e-05,0.002007779796010123,0.002953564595520256,0.006023339388030376,0.03787379645156633,0.3467221966711804,0.013727808451701188,0.027245335912739456,0.05667102601166387,0.7030143564254359,766.5605608916379,2710.0234753023956,3429.3580753799956,4487.733715893136,23.93253976020635,1.0,-1.8991885,1.2519193,-0.771149,0.423606,0
35,AVPEPUDEAC0030a2.wav,-0.0014320032094720222,1.3468402462592906,30.743023206071587,0.020371425269770677,1.1394362954118191,0.0004710511516040329,1.5743554885701512,76.40181742164297,0.036912966345269894,2.3696165731205734,0.0009332590008246927,1.9485854208573772,148.43996715035485,0.039612573244519673,5.51430904508713,-0.00025669881767819054,1.9495182581785202,32.41339029936682,0.034602836851279774,1.0065686229167132,-5.9940775509314195e-05,1.8584597688193387,148.69324072276586,0.04039418887608057,5.465404256328176,-598.6404,137.35251,-48.872578,-11.780321,-38.184227,-14.031969,1.1599529,0.5884016,18.071493,-17.841625,-20.660492,17.565477,-0.48363474,218.98337038755983,230.77478263919767,8.951739971524699,1.0198184099863283e-05,0.003106518881395459,-49.89967039729766,-49.20376443192087,-259.69081898864744,0.0028107474146457007,1.219995056466419e-05,0.0005150921187554402,0.0008252442830515136,0.001545276356266299,0.01508784304055718,0.20618627517251298,0.006388689989888818,0.008713442086441448,0.016552321849218808,0.6436221416333445,1434.4883334995734,3083.2866606727757,3904.444372515643,4316.2339280840615,21.697588723332807,1.0,-2.3921301,2.100535,-0.9215753,0.22876166,-545.6383,101.381676,-62.54634,23.56918,25.009907,2.3923912,-63.107914,-22.503325,-1.3317548,-11.432469,-6.7459354,-1.5049335,-18.291069,227.89808794426318,236.66339901904252,7.360831364477717,2.3432325178873725e-05,0.004715493880212307,-46.27939907305677,-44.92710777526649,-286.3092715152977,0.0022816065302979404,9.651007534627673e-06,0.0005077946187059854,0.0008297118477679058,0.0015233838561179098,0.01463071206899317,0.16137172929155677,0.005646015228408123,0.008748352017070278,0.014599028543901472,0.6740238531579781,1666.39702403421,2263.111527358892,2885.2265746122334,4063.345749783139,19.946540575042345,1.0,-2.3537734,2.041476,-0.8042192,0.14189327,-595.30725,61.717754,-43.973335,69.46045,37.56275,17.566132,-50.163822,-8.684098,15.913307,-27.89393,-28.089619,-7.4380283,-27.982168,239.87294123740378,243.34936067562714,7.350591562015128,1.2925131159136072e-05,0.003522865241393447,-48.8780886918058,-47.87166541750089,-167.12598910082403,0.0026906903973411304,1.1068140912065776e-05,0.0006501962109924393,0.0009739239232442441,0.0019505886329772857,0.015771695152847643,0.16678921210436817,0.006965490131523588,0.010420158546222644,0.016961641530832693,0.7817682192750631,437.3008116184849,2514.7613111097985,2975.031569149129,3820.4178282362104,19.702880955709293,1.0,-2.5074835,2.6336803,-1.4958917,0.3911901,-604.3886,119.01397,-1.4130303,37.927536,-35.79185,-48.81152,-44.263996,7.1472926,15.43893,-25.712992,-8.592946,14.494468,-32.37135,230.4989164456137,232.65311192641383,10.163151392009446,2.0359697373351082e-05,0.00441878754645586,-46.910970414017854,-46.732541301098564,-128.98584486237053,0.0034309547444440133,1.4779130199948825e-05,0.0007732680584735217,0.0011262405467116815,0.0023198041754205635,0.018553240005231352,0.19601151906849387,0.007003206910413553,0.011747977246498346,0.02176003949787083,0.6473937764082075,601.6395731439152,914.7570487062167,3124.8208900773216,3884.1530786870853,23.429567859780025,1.0,-2.4276156,2.422526,-1.4317513,0.4467956,-693.0272,109.86198,49.045364,56.900364,-0.15902796,-24.165401,-42.01843,-3.296026,7.446968,-25.15644,-13.729546,16.769127,-26.309164,225.392274371279,227.40470539245115,15.966024272308607,1.1303196515655145e-05,0.0032706998754292727,-49.468146547620464,-49.67139529987945,-130.18974939278053,0.0045912125953298626,2.030509347526129e-05,0.0007560464738995742,0.0013969727346241601,0.002268139421698742,0.019646972257267695,0.1987885164925743,0.006725640833503783,0.009600774805485254,0.016167678826495963,0.7718175609563405,367.4582315462011,706.1472747656215,3118.3462084003904,3677.7199861151603,26.586903965183126,1.0,-1.9532247,1.3843716,-0.7692717,0.34278947,0
36,AVPEPUDEAC0030a3.wav,-0.004100121191273884,1.0756383193095789,57.090115590432404,0.02920625075878846,2.1942095643196944,0.0010985973703364234,1.98746109184659,49.93549552006207,0.03384561419743769,1.4365910044656587,0.000712773582405192,1.9165609352714594,138.14035729742776,0.026569367169018962,4.969537992414819,-0.0001688942283382326,1.9630471515769137,33.91484099049684,0.037652526011985384,1.0830566076663475,-0.0001812020997288525,1.783689427475651,225.6680004916333,0.03981422212940838,10.946112573632677,-570.54034,132.67607,-50.670094,-7.1147704,-42.2857,-11.763665,-1.0317248,-3.2122202,18.993057,-12.167914,-25.90383,17.675,0.6258632,232.8561239623081,238.03070449480376,11.113127291842071,2.389401379332412e-05,0.004744684789329767,-46.21124739560227,-45.68156991746339,-575.00490166559,0.0031247327122523997,1.3158872924375023e-05,0.00039446821740920086,0.0006493009192248742,0.0011834046522276379,0.02384816172877106,0.28895532987028194,0.008311777098407561,0.0127057745647514,0.024772097749497738,0.6354936551289175,1441.3503902173875,3001.594359872961,3225.172134518722,4692.678444032177,23.05540552111144,1.0,-2.526465,2.5253146,-1.3808508,0.39854527,-579.00525,111.25924,-63.750572,27.439474,23.345428,4.2723503,-57.385784,-28.245165,8.599953,-14.882202,-6.235495,-12.411059,-12.857269,237.4293562562518,242.42786901954133,9.321529297117372,1.776749559212476e-05,0.004051323048770428,-47.48781507508302,-46.026950101895174,-135.01044569427805,0.003471594548964393,1.4342881299324265e-05,0.0005990458810711587,0.0010014509198955157,0.001797137643213501,0.021056060657122903,0.2694530224804073,0.006268202196156998,0.009622823058886268,0.01847784301407221,0.6745319986330808,616.4380199620421,2253.700813321426,2828.4078918026194,3589.4664045969203,20.15196372927176,1.0,-2.6505208,2.6307104,-1.1568253,0.19071582,-616.51245,75.93423,-43.55451,59.911045,31.073553,14.073161,-51.3907,-14.0430355,17.823236,-27.5717,-27.118525,-12.824689,-27.33458,150.06729607246447,241.32443557599024,13.056085104476498,6.453869445977034e-06,0.0024590983521193266,-51.88379288669664,-50.64109973534491,-27.49992856928762,0.006114175670464477,2.541839228851991e-05,0.0015490850602729199,0.0017555124918589328,0.004647255180818777,0.01938474201364441,0.20311782753913465,0.009284158238151555,0.011655777352255633,0.019546800950092882,0.7644308328784393,459.80455280032857,2524.848514090613,3015.249990792588,3101.991065284636,16.925371985725963,1.0,-2.4589841,2.5043452,-1.3867557,0.36624977,-613.73865,136.42395,-0.19821362,36.928986,-32.908375,-47.571754,-41.062485,1.9615887,22.60314,-24.091782,-11.931485,12.799514,-28.392317,232.4116391486904,237.05987193166416,10.215115112261763,2.444829988235142e-05,0.004806032869964838,-46.08433018293507,-46.270854998799045,-201.80203535380187,0.003821765985628271,1.6155791200774663e-05,0.0007145323250758394,0.0011756543031808883,0.0021435969752275036,0.022281247293130805,0.24791471544897767,0.007839732491977048,0.013186292243707683,0.024861021639587186,0.641588863218484,536.2669790095289,956.6835551595286,3083.4073745961346,3916.11267701417,23.253940244059454,1.0,-2.5558949,2.6414492,-1.539589,0.46263957,-701.864,126.46403,49.885006,54.073677,-1.1490515,-28.694553,-39.954834,-9.3273115,13.955199,-24.333769,-15.046477,11.509538,-29.779478,224.0574320758224,230.45907299227449,22.3414976528515,1.1776436622312758e-05,0.003293334972113371,-49.25874954787949,-48.94102403610449,-88.94793536207364,0.006003210512939716,2.6372034887333224e-05,0.0009964602912267634,0.0017976313904665164,0.0029893808736802772,0.020347427948280074,0.2859640814074614,0.008109181480877935,0.009942404413223997,0.020897044643246675,0.7683111551218107,416.4678294823674,759.2877872770466,3026.1265740174217,3682.1850524875554,24.32798764858815,1.0,-1.9790976,1.2967584,-0.56656134,0.25324693,0
37,AVPEPUDEAC0031a1.wav,-0.007116330188157005,1.0605331154836874,47.05437211407453,0.05699155903893897,1.2779742001793992,-0.0004304812761056067,1.8012558516698767,39.02657404346674,0.052391681834725576,0.6070903301721285,0.0007227969745993955,2.589081215131097,51.34506898213622,0.05093162292538425,0.5884778608896467,0.0005984960411383385,3.19780453692614,20.469650623468127,0.0421398985293311,0.263110084327097,0.00036365153412640895,2.6452977077490156,42.92127751423001,0.03728238686005822,0.4073669173497491,-546.7246,219.26787,-3.9993565,10.089215,-4.7657638,-44.275734,-24.183153,9.525348,12.291643,3.3842313,-17.49151,-2.3568761,-2.6847513,98.15234778603542,98.87940221408013,1.5364841653967325,4.362736945040524e-05,0.006247224286198616,-43.59550697127239,-43.680234760413654,-546.5959648427288,0.0017033920933856915,1.723114982259788e-05,0.00032502799373211437,0.0007161297399106517,0.0009750839811963482,0.023042022920744823,0.2495094766416692,0.009548403927450957,0.015194389793632518,0.02865639071045214,0.7155300322736614,1056.7409929756438,2552.600955962882,3464.852894956727,4064.5177865600676,16.715726407691758,1.0,-2.3418655,1.6368704,-0.19515882,-0.094039835,-559.58527,185.32674,-23.08017,15.662065,39.262356,25.243338,-10.384424,-20.511745,-17.851768,-17.272682,-10.472985,-0.92571175,-10.8226595,98.94292051369423,98.94292051369423,1.436718598246219,1.6296567991958e-05,0.0039634681306779385,-47.85300320168099,-47.88994909087775,-307.3008635566643,0.0015555221803947932,1.5724710138313537e-05,0.00039872510239487107,0.00071386129756613,0.0011961753071846118,0.019239986839605247,0.21080774285204323,0.007360758780146008,0.012972736480777357,0.022949201064898558,0.7890407535504187,481.5815231692177,1718.9325073738187,2388.249292826047,3336.8671618617363,16.117399274998487,1.0,-2.1916015,1.3127066,0.07875165,-0.19523531,-614.7625,143.59254,-27.266863,54.197987,70.829544,29.869276,-2.1056995,-6.127114,2.235084,-6.6403613,-11.056877,-4.603044,-20.371792,99.77296272634946,99.77296272634946,2.6300752695495877,9.397265785082709e-06,0.0029009655117988586,-50.28443731722986,-50.9434086797481,-365.80086246321804,0.0018482735079416832,1.8537235410672464e-05,0.0003762147317403752,0.0007376317948766232,0.0011286441952211028,0.022536395269049096,0.25008967285975814,0.00919268979622855,0.014541821385369186,0.03356413726875298,0.9184543421578772,289.30824383895634,2002.9137875745205,2842.897161436717,3442.6106039112055,18.072851698971277,1.0,-2.2469196,1.4956205,-0.033189774,-0.21223734,-630.17645,198.91588,39.86496,24.758125,9.306505,-19.980173,-37.61333,-9.291511,16.740023,-2.7704294,-15.132861,-10.183052,-2.4083912,98.26781297790777,98.26781297790777,1.4466457547714646,1.4998699043644592e-05,0.003786532673984766,-48.20208304058412,-48.44015976725216,-380.4570425205955,0.001983988400298507,2.0193865492446383e-05,0.0003626528437980558,0.0007625357015286637,0.001087958531394176,0.020133485566746497,0.19076115936040877,0.008013422890210377,0.010798422238294489,0.02371609710412554,0.7313293338714179,849.7361557849533,2362.1944247589463,3227.5321337488967,3775.4405510074284,21.41770981195018,1.0,-1.8404546,0.6734899,0.22040258,-0.04780506,-714.8802,169.93434,79.3223,43.981197,31.856512,-0.6287225,-25.045706,-14.897028,4.575819,0.6305672,-6.4093485,-4.3808923,-3.8625312,99.06635253362903,99.06635253362903,1.6300063743990358,4.258545232005417e-06,0.001990356482565403,-53.71428669593425,-54.15803704054164,-1460.6840832221837,0.0014070078305787124,1.4206456851552363e-05,0.0002488472075726945,0.0005149262430692394,0.0007465416227180946,0.02825638074142359,0.29696755596907226,0.014227607943206688,0.022402113352180366,0.0330957595536491,0.9312148224327049,648.167389251115,2200.944118737749,3201.9042941958633,4230.3215776093175,19.306423225302577,1.0,-1.1377314,-0.34385964,0.15561354,0.3307512,0
38,AVPEPUDEAC0031a2.wav,-0.00263034101860148,1.3041336121050755,29.022227733421932,0.03996166541814821,0.690041934314501,-0.003103917549302044,1.2615897582408626,100.96821346415794,0.07758672473308117,1.6406850205887964,0.0006699072826393854,2.51448161081787,59.89708768521879,0.06772289385199402,0.7366517571417207,-0.0011362351305401054,1.64444385973221,38.51185276294917,0.04773561660470849,0.6483786937204451,0.00021626103454767292,2.2649221724507864,54.954759893958474,0.05701465035572752,0.6685822003732502,-567.56146,213.38588,-5.2417345,7.5417695,-3.959816,-37.056583,-11.993603,9.972202,1.6669186,-4.693056,-14.154746,-9.874749,-5.3090405,96.91730496789468,99.17119578110153,0.5625759546218432,1.7060387108358555e-05,0.004075265023857355,-47.650941502896636,-47.82429299028877,-910.7899914794986,0.0012565239454844675,1.2670662966189852e-05,0.00025876783699285515,0.0005480911840422144,0.0007763035109785654,0.029995998399359743,0.29750233825624867,0.013076341647770214,0.019233449477351918,0.04626826807277935,0.7363341752907993,1121.4983981823455,2475.5614259574695,3516.743066927179,4143.106705057147,17.14732726204348,1.0,-2.285361,1.401293,0.1398482,-0.2508855,-540.9464,196.07947,-31.37443,26.180595,44.091793,24.933634,-6.62716,-26.137552,-23.421688,-11.853574,-5.432732,-2.3110225,-7.703491,97.42768870452112,97.42768870452112,1.5793168146553318,3.537840530043468e-05,0.005769986659288406,-44.51060933338905,-44.16168062182197,-564.6446073957914,0.0020007064371401696,2.0540548002424136e-05,0.00040754720392888096,0.0007075329209210096,0.0012226416117866504,0.02267835348219903,0.24517332056844185,0.009573254678496889,0.012309140696910463,0.022041588637595002,0.8015128304559335,0.0,474.18323359453495,1748.9050646127378,2416.5053226073733,18.152889705802423,1.0,-2.4322586,1.7679924,-0.14141706,-0.19152856,-607.1171,143.21478,-23.848433,60.227707,70.02953,27.344984,-2.75861,-2.072257,4.7248044,-2.4758246,-9.142119,2.0091956,-18.518698,99.43937771152399,99.43937771152399,1.5890951269619509,1.4937227206246462e-05,0.0037915378343313932,-48.237509788722754,-48.464698906170625,-406.9404017435976,0.0017627788864508559,1.7731660694805953e-05,0.00039888630566708614,0.0007527079284289917,0.0011966589170012904,0.018661200983307463,0.20214401218000538,0.007521934039281221,0.012000008178285155,0.02403771334639619,0.9254859836705022,279.5295109047096,1998.4115660487896,2899.1527583855536,3544.964537591747,21.671643082665874,1.0,-2.2133536,1.4465867,-0.032522857,-0.19874336,-633.03754,199.06427,48.128918,33.23926,14.353418,-18.183853,-38.169796,-12.701072,17.093153,4.3359737,-12.362098,-6.310264,-1.6042835,94.30942910763157,95.39344553415609,0.6927605054270811,1.4013697182235774e-05,0.0036766009870916605,-48.510022942427675,-48.69494492026522,-307.42150100340115,0.001943221005170562,2.0371670526545456e-05,0.00034507287948006433,0.0006529776891937698,0.001035218638440158,0.01586851675905955,0.15290462383888212,0.005580769896832718,0.008909705439130784,0.016523073007511005,0.7915181415696759,749.52897173227,2371.874221488032,3198.974631684125,3634.555181232011,21.777967977534555,1.0,-1.8856839,0.703374,0.30545968,-0.11823592,-690.69476,184.65324,80.16266,45.8664,33.373547,-0.031250615,-30.202219,-19.78624,4.7934275,5.682185,-3.5040126,-1.8853991,-6.308526,97.95314671722306,99.13330511140647,0.8176088789524455,1.0946157090074848e-05,0.003274062881246209,-49.60406641899202,-50.09610608211965,-576.4981050557177,0.0016940004438259408,1.708926435562029e-05,0.00038298674463143614,0.0007147986322320432,0.001148960233894357,0.018317610081632015,0.18615970482911776,0.007766968868686928,0.01213747302929537,0.02229526600873768,0.9209473368028824,653.8601178596784,2193.9036750290816,3204.241127429214,4130.676271326418,22.51289717822558,1.0,-1.2794299,-0.1577076,0.19055295,0.25047716,0
39,AVPEPUDEAC0031a3.wav,-0.00678076518535201,0.7089486958125946,3786278.2270537456,0.04518797740850111,2078.1358237747136,-0.0020695365537566172,1.2831258816948543,87.54168688055962,0.054835553721222854,1.3561473926235776,0.0007082165280228042,2.5952703867191285,54.232547476077805,0.06075983334411631,0.666993539827844,-0.001219218962170414,1.570694148344528,40.703906388285134,0.04365779022469095,0.6991301994627824,-0.00016286311198835947,1.8553105538392825,73.52953433451383,0.04716477076665503,0.9080964364722434,-556.6243,213.12428,-5.104347,9.208209,-3.8910859,-40.336666,-18.754345,12.456769,8.269744,2.8898113,-10.847003,-2.874202,-7.78841,94.77230234458669,96.87835350779973,0.9669064625020354,1.859527219494339e-05,0.004223658237606287,-47.31733405037643,-47.33909999730179,-1191.7380603324928,0.0010561025316931233,1.0902423479423186e-05,0.00028093175087707075,0.0005141713455260931,0.0008427952526312275,0.018809809523507828,0.2331640716674256,0.010101564373735683,0.016913960835535487,0.028477107461485157,0.7790889125986931,1069.231936672285,2530.441596374489,3587.011447490006,4018.468018742628,16.31034582727728,1.0,-2.356559,1.5966086,-0.021168828,-0.21404083,-559.19415,181.24168,-26.130407,29.519257,40.84299,24.370779,-8.742505,-24.32394,-18.673115,-2.656698,-3.2239118,-7.4196005,-11.9138565,96.85148200926056,96.85148200926056,1.6529858012128384,1.6227764717768878e-05,0.0038648643530905247,-47.86172547279945,-47.73047124517578,-376.72392072909446,0.002273934547040247,2.348565871812234e-05,0.0004483448776214161,0.0008595200189770682,0.0013450346328642265,0.02350232763573409,0.22011998558349638,0.008896378800736668,0.013874373093974254,0.023970395018768915,0.8181715264135139,463.2034560117398,1832.0897552228992,2544.834573679277,3606.906204919151,16.757708042869858,1.0,-2.3199105,1.6880374,-0.2944171,-0.0688638,-612.07886,143.1756,-20.85903,57.807934,67.0463,28.185814,-4.383147,-4.6129994,5.5144634,-3.0807934,-7.7171884,0.92676175,-27.30948,99.63714404463167,99.63714404463167,1.792336124037188,1.3346329069463536e-05,0.0035434397868812084,-48.7475593551088,-49.015335943963834,-247.66178045481837,0.0023714752213119072,2.3808820986756957e-05,0.0005041602433513758,0.0008705159675266519,0.00151248073005415,0.026452543567226223,0.30898720364175025,0.009450350492916555,0.013746759837381387,0.025571789311060085,0.907482301402855,287.4221737696137,2004.9435869773706,2848.687413972644,3519.7279138749814,19.117802165964946,1.0,-2.2198832,1.4895437,-0.104320556,-0.1629725,-633.8726,202.88295,44.41693,27.71484,13.029078,-19.535107,-33.238056,-11.832816,16.409735,4.618531,-13.677964,-6.820371,-3.6959648,94.7374061140627,94.7374061140627,1.0794553066321515,1.2035306099278387e-05,0.0033669141121208668,-49.19196143247754,-49.21995897540234,-518.574482859038,0.0015866083457341527,1.674961763237759e-05,0.0003730024617065675,0.0007838087406123592,0.00111900738511967,0.025863242763680325,0.37174459802350257,0.010188865203599741,0.01554119237626484,0.02837214234794398,0.7876108397891415,817.0818803187619,2494.214896800636,3074.654093498576,3595.34040984017,20.46785734327539,1.0,-1.7840385,0.45072186,0.5007606,-0.16204502,-695.07,176.63066,74.704475,49.32417,34.832146,-1.316641,-28.047052,-16.997753,5.258807,2.4800014,-4.9763813,-0.7239581,-1.1963062,97.48906236308893,97.48906236308893,0.7451483317007513,6.8236745391914155e-06,0.0025741637218743563,-51.667920447239986,-52.17832360291516,-724.6567345644023,0.0015137145077558983,1.552793104065779e-05,0.00035924001363550016,0.0007933057276792624,0.001077720040906454,0.020057596147483023,0.25838079545107007,0.00813541626519266,0.01353219153416855,0.02159074357770359,0.9492106696491777,652.9928012301783,2162.379937012917,3192.446454182464,3646.9453860635854,19.444556879513023,1.0,-1.3300146,-0.10755744,0.2580587,0.18379192,0
40,AVPEPUDEAC0037a1.wav,-0.006832367231053262,0.6058150306105886,14887314.391793953,0.02840015290680312,1861.897107738845,-4.0987989947185884e-05,1.4619824543912205,226.35501161309548,0.03336400985202618,3.131895671613264,0.00014448538791321386,1.848471849189195,122.03832402975493,0.03683858944626554,1.676489308532603,-0.00032814958753795136,1.4819917471475446,126.50882127891374,0.028411380720558373,1.527522465361955,-0.00020091041647878877,1.7584913001510125,85.41048593562438,0.03398992767666886,1.030866551865612,-614.22424,178.47418,-19.013783,-12.40148,13.099255,-15.756408,-27.44453,19.720085,8.170954,2.1946614,10.81413,1.4567517,12.467173,116.87984885953686,122.51261265999645,8.312029810131678,1.0553656466072425e-05,0.0029174531809985638,-49.75241442392779,-49.85055916097603,-88.30400168973182,0.004422664883993097,3.6266685144552246e-05,0.0010820668140032001,0.0019445448463498904,0.003246200442009586,0.04267194873728627,0.5690975596265095,0.01710344034065508,0.02775528278103188,0.057399568952748024,0.7427672584215134,761.0880545544501,1389.9797966790327,2668.9565601722234,3578.3121155282834,13.367499801498012,1.0,-2.268183,1.4556581,-0.00301525,-0.17632274,-635.7253,126.692154,-7.758907,53.127666,65.14099,34.091217,-45.53033,-19.504864,10.053342,-4.7948523,1.0140648,-9.450228,-19.46823,117.91085545560742,120.44657277723338,5.685214138604224,3.657281695268466e-06,0.0018726103007793427,-54.34623416198463,-53.7575884489737,-240.45947069733126,0.0026290179772886224,2.186206184662801e-05,0.0006187810539116049,0.0013091837499152892,0.0018563431617348634,0.02913585270067699,0.3265005375488839,0.01595231566030267,0.026049716733298298,0.046094386927247044,0.9493056859841338,390.4739964039657,2217.840882780062,2778.990779503039,4044.81221996997,13.869608728767695,1.0,-2.2303636,1.6766723,-0.43462408,0.0006008218,-671.24475,113.431305,-8.7881565,78.08938,83.783615,21.440798,-28.885784,-6.1176343,21.685354,-6.582862,-8.480486,-4.3550253,-13.883788,111.02623936941531,119.95938506580507,8.310772548274302,3.822847702394938e-06,0.0019359071739017963,-54.17427694214272,-54.49361977868294,-51.59525337832896,0.003587499656122677,3.008355231178479e-05,0.0008740424545940612,0.0015784499816220141,0.002622127363782199,0.03721203098102993,0.33450003452144744,0.015751084368691003,0.026953727261931137,0.05432662927294751,0.9623451932168077,299.1940336410529,2412.9700523921892,2945.6557240385796,3984.3988969694656,14.899595823628463,1.0,-2.1511037,1.2318304,0.31348622,-0.39051634,-705.286,162.66919,69.9317,42.476147,16.569519,-15.151407,-35.2429,-8.121053,14.533106,1.4993484,3.4694588,-7.07108,-12.5700865,112.9394745001523,122.09672918935381,11.229015667613396,2.3687177872488974e-06,0.0014890283346176147,-56.240955152199234,-56.620335504812985,-26.50345777153757,0.009634825949111468,7.954382863405125e-05,0.003852289989905546,0.006733131575369968,0.0115568699697166,0.04992694068204844,0.5402461144008807,0.022181417303356286,0.034956259238034755,0.06729758306376774,0.9401375676160719,879.9913371354412,2578.203621132955,3538.2074139382703,4550.4912022534145,8.837057890436471,1.0,-1.3202313,-0.034251433,0.13998765,0.22005805,-745.7875,140.84145,78.14812,52.968254,33.198254,0.28596884,-18.788883,-11.035085,2.3684428,3.25434,6.7494006,7.7199235,0.16694155,113.6149495590339,117.82291065381294,4.0164408673584076,3.242028014938114e-06,0.0017134493682533503,-54.86271133740082,-36.55204999304815,-177.22937786299764,0.004075094425940984,3.462758481510292e-05,0.000987271381871222,0.0018366812013963071,0.0029618141456136345,0.06135296673865664,0.5473849435265248,0.025044452031092544,0.04657552071692599,0.09906846375894676,0.9471914093059279,725.432141414769,2671.1470901736184,3694.0458755463533,4595.583641082406,16.074782959090463,1.0,-1.0753812,-0.41030145,0.110999584,0.37922308,0
41,AVPEPUDEAC0037a2.wav,0.0002958545325232293,1.2450731975277185,74127.45561498903,0.030539902763558276,2617.6205503612973,-0.0004063857714313324,1.4779787253807735,134.36309810039583,0.03231824625911135,1.805435541981261,-1.8131677755936243e-05,1.8297106097495073,93.19454681212534,0.03385017732673556,1.1144554818757493,-0.00036818771526629077,1.436808656433407,175.96763634359206,0.03280402043902214,2.207379070960829,-7.196719700608546e-05,1.7298832776142876,186.9855434519178,0.03773763735892339,2.5741998822898187,-623.06744,182.19206,-9.015009,-8.901628,17.31033,-8.481755,-20.633984,12.790593,4.787442,-0.6401408,12.686785,5.5243607,13.4451475,115.42337078611398,118.1499071038962,4.348092685487846,3.394703526282683e-06,0.0017893733456730843,-54.68908971328094,-55.00818078210509,-156.9159585593683,0.004351736426545858,3.688426370712337e-05,0.0008169204195320336,0.0017346431806714588,0.0024507612585961056,0.04406239324963388,0.4542253893016586,0.021574339179018104,0.0378518017492362,0.061977775292136994,0.9205741952967231,723.2545796702874,1394.2389355087844,2531.655761799791,3687.585724881927,12.540489281119305,1.0,-1.9164176,0.73085946,0.41918576,-0.22421548,-644.74786,130.61203,5.5133157,36.213966,50.931553,39.81285,-35.233932,-18.74374,-12.03257,-5.772156,18.943588,-14.637237,-18.362688,115.91647025858936,116.93328140120856,4.285140222162261,3.504054575387272e-06,0.0017069124151021242,-54.54875717639709,-56.43078730142262,-92.8745765929467,0.004311992912651441,3.6927402088228165e-05,0.0010552863156745049,0.0021952704898583948,0.0031658589470235,0.05516610705867333,0.48078629019282826,0.02435190993844294,0.038372899810038136,0.08239202683063057,0.9402470670415817,418.29791099650663,2030.9412646973744,2569.534505208553,3903.5022123318236,13.450685852088363,1.0,-1.9722596,1.4331084,-0.6965892,0.24438065,-698.1629,106.574844,8.875372,67.53718,77.16972,33.413376,-22.449287,-4.117879,16.039103,-5.595995,-3.3654473,-7.259219,-16.868753,119.75711137646137,120.61251931486466,10.867630855135928,3.0352628073160304e-06,0.0016625641146674752,-55.162739241994785,-55.531266139301145,-28.86843915444901,0.004876545645089533,4.069902197115876e-05,0.0009902975342576715,0.0018697497926035973,0.0029708926027730244,0.04823571577640132,0.47670101132312354,0.018526936033662192,0.034088869420836776,0.07705588330230438,0.957455848229092,2303.0952278311556,2678.413640616678,2859.713556727259,3946.2154702510584,15.381369867698893,1.0,-1.9395204,0.961595,0.20082234,-0.2188272,-706.5898,159.54636,67.066185,46.957928,23.509035,-19.888027,-36.661236,-7.558266,12.683372,-1.1650136,2.0227134,1.859625,-8.528868,116.25149865056663,120.68012717058824,2.1664004183219503,3.0396242891583825e-06,0.0016900311456993222,-55.152264602590826,-55.23705568154795,-146.91266301202074,0.004163199027675544,3.4508954799559676e-05,0.0009338583106304941,0.0018770086150731078,0.0028015749318914982,0.04120990476486893,0.4230500112484711,0.01921137919215673,0.03133791756797487,0.07009211739605557,0.9497720147553771,807.6353786186121,2674.803210704434,3515.6590797495837,4340.8326835665985,14.836935821429918,1.0,-1.3099164,-0.09470256,0.20677397,0.20358768,-740.0773,141.08011,78.427795,56.08373,37.38056,1.9619159,-22.70822,-12.124507,-3.2672043,1.803076,7.7186527,3.2541475,-3.9057212,123.27930736818293,124.4879280286553,3.684529933057474,2.9784944217681186e-06,0.0016888694372028112,-55.245021440503805,-55.874388974623905,-79.31941117569215,0.00421682305972319,3.3900730059837044e-05,0.0009443975540348005,0.002020223091282603,0.0028331926621043817,0.026873975242173286,0.3007665092125535,0.011641594973987273,0.02116255125857724,0.044627769063617914,1.0203832337829055,587.7397954762164,2315.9646847485596,2950.56327658017,4106.8664349721375,18.281718389303204,1.0,-1.1211469,-0.27473164,0.008668959,0.3908255,0
42,AVPEPUDEAC0037a3.wav,0.00040369915148790397,1.5287158634142122,115.48243745408459,0.029357122030387012,1.118100944302659,0.00013476515175804104,2.1261339636092975,47.507879630437344,0.03215448066743817,0.5057504070513985,0.00014023979109481507,2.0997858614962444,65.39193456407433,0.03253037423218708,0.7581081308453416,-0.00031204555221388833,1.4834647361916353,126.00993146207973,0.024967946902698872,1.5318570072607294,0.00014737702134949064,2.4049054520756177,42.63403288015094,0.03065331579858673,0.4063571787918335,-645.02795,173.72052,2.3240337,-0.42219436,19.328077,-7.921322,-16.528793,8.5021925,3.9654758,-0.6024569,9.989732,6.6794095,12.855666,114.40477051036939,118.45449690011701,4.485853390058059,2.5858678327495e-06,0.0015151295810937881,-55.86740018287684,-55.39924597003046,-91.18002600362749,0.004091345691762251,3.4592757712770955e-05,0.0010394631155464954,0.001597254050367152,0.003118389346639494,0.049678925160549496,0.5089233434409834,0.02263347175997182,0.03767795143187671,0.06995248068329218,0.9399704284433106,693.7518917184333,1350.4070405606062,2544.8990077348094,3715.445774566796,11.784707613106853,1.0,-1.7468104,0.49902797,0.37148145,-0.113216445,-658.0574,129.8811,14.237611,46.26497,55.025593,33.951035,-37.04804,-19.387514,-10.017381,-7.6420994,14.11824,-12.037173,-16.955568,114.04295423665846,118.75547300676831,4.792762272207516,3.359563152116607e-06,0.0017413509776815772,-54.728939892375415,-55.138364540947045,-18.283379500612487,0.005438110410077689,4.5869565102744286e-05,0.0019075427456977036,0.0027049782483765782,0.005722628237093102,0.034939161392925924,0.3351486385839076,0.016548532338683735,0.02631977200128595,0.050075869466833726,0.9144479557300967,391.9442920567962,2065.648694541167,2766.3296058709557,3845.8668568010607,15.104426130273449,1.0,-1.9195794,1.3422073,-0.65361196,0.23805243,-708.4133,103.25001,7.9696636,71.39709,84.42126,29.123726,-25.363155,-2.5807962,19.671215,-4.3602214,-2.281959,-9.758267,-15.985681,112.14764356543303,117.15423479603272,5.710524565285546,3.154634896418429e-06,0.00162070756778121,-54.990252758312145,-55.710033175804256,-54.56577693753756,0.0032096572285153072,2.745996768711805e-05,0.0007303495240059122,0.001331551224187926,0.0021910485720176894,0.036748175022144974,0.3345592086703551,0.01618887098489905,0.027155045539927175,0.052940080142822865,0.9414632576225977,308.3392129765374,2362.045813949423,2827.5956148999526,3924.542330006787,14.841997271387436,1.0,-1.9601356,0.9371234,0.29533118,-0.26838607,-706.7454,154.26054,60.764687,39.564186,20.006962,-18.604929,-34.551537,0.20001835,15.149662,3.3323224,2.8219428,-3.4775934,-11.177571,111.08674746141483,117.75195230909975,5.0801502806759,1.8408893538435223e-06,0.0013072110014036298,-57.35506803740823,-58.030291372596544,-146.05309078071357,0.0029342019244204525,2.4954799338187873e-05,0.0006885563256885165,0.0013991156610236519,0.002065668977065529,0.04055225331704003,0.37013302120018976,0.018914025761744457,0.031208047093935185,0.0682548525010427,0.9364389145072944,911.7403065892834,2685.5074307227915,3523.2999961463133,4481.9128202080865,15.220158253409195,1.0,-1.3123081,-0.01445435,0.10462454,0.22829,-752.465,135.26508,85.3734,59.128498,32.199615,-1.2502041,-20.078068,-7.504393,1.647493,3.649877,7.8613715,2.7678032,-0.29258934,116.61227052744624,116.61227052744624,4.992688845424579,2.783764102787245e-06,0.0016219604294747114,-55.54452446027711,-56.243207161307545,-121.30410337636835,0.0045673620849843175,3.924368314360152e-05,0.0008316593321209592,0.0016852515965757237,0.002494977996362892,0.04815978963884114,0.39116081467976693,0.022964298213833344,0.03870913380376376,0.08921562802152681,0.9057655782318339,763.3867116731194,2761.6999820242163,3784.9087783053524,4541.482064408958,17.16620992619129,1.0,-1.0862554,-0.34710497,0.029190242,0.4088883,0
43,AVPEPUDEAC0039a1.wav,-0.0008873161812878877,0.812525989680374,111.8052657669902,0.014113332475697961,0.91922650024565,0.00045899893522498465,2.5677687554959823,46.242448673457,0.02342627764653168,0.4809455397694832,0.0005687254069580515,2.861424959855883,62.56681242758136,0.03094083001315948,0.7767663146218625,0.0002497589427355944,2.009428061794137,54.81413094302997,0.019469349285083655,0.6516155250070558,0.0001667734470736075,2.673505466207895,43.16869209231136,0.01688474471646165,0.37035426806020677,-645.65485,174.06915,1.3460656,-12.294652,-15.103159,-20.446045,-4.3959403,8.8307705,13.398292,11.351914,3.447875,-6.378118,1.1998435,95.73253673564035,97.18302971648338,15.79677213960592,7.997681450433447e-07,0.0008763936348259449,-60.960703154660855,-60.67917712329743,-61.792419578692105,0.002418099269162624,2.5285733823176455e-05,0.0005650399858715541,0.0011908665236518186,0.001695119957614641,0.032991246710039474,0.31789878089554036,0.015995677483864133,0.027200798926720424,0.051786929826301766,0.8775538323863665,1034.7021906262792,2746.760317161292,3333.67132699946,4671.413872570108,10.572041700430743,1.0,-1.5468676,0.22670588,0.3452847,-0.0029860507,-670.3414,145.01944,0.29541358,15.802746,37.482548,29.974108,-14.204866,-29.74325,2.5176673,8.333548,5.47689,-7.1187177,-16.657867,102.14326122274846,103.93524826174404,13.633559884825804,2.059808821286424e-06,0.0011731776176020503,-56.84925171854894,-58.93021807173527,-64.15502136507277,0.0036405246764211023,3.5458725943614525e-05,0.0006099944777881165,0.0010419255069635017,0.0018299834333643428,0.03151066545390989,0.31735585616515566,0.011024937610635851,0.021047515039900516,0.04486694525443711,0.9081372197218236,443.4469164478121,1838.1687770325111,2503.109686411702,3563.3688786002676,13.355154473777302,1.0,-1.8372499,0.61312103,0.47413203,-0.24225824,-697.3783,115.310135,5.095639,44.681362,57.591,39.897907,-15.861769,-24.407389,23.26698,15.844952,-5.165293,-13.6215725,-22.704681,97.56387209624297,100.92814354783756,4.693530537101439,3.2127272788784467e-06,0.0014149268390610814,-54.90152821869046,-54.862633238022205,-72.75754557108391,0.004014002514852934,3.9859428750413894e-05,0.0009301495306201886,0.0014736234793764126,0.0027904485918605225,0.046876836648843,0.5321718306215697,0.018041364305635445,0.0252112996220323,0.05956818916765565,0.9480229346976972,224.56027263800974,2132.8613547746604,2635.8953136042805,3584.8135251942144,14.345941900768672,1.0,-1.8952453,0.8037339,0.3247273,-0.22925374,-715.4152,160.84256,56.86118,16.823961,0.714022,-17.363821,-20.245,-7.2097063,15.008651,14.642217,5.855153,-1.2702398,-9.981953,96.85427952651203,100.6156107702601,13.822091365832813,1.4904579757057945e-06,0.001023874501697719,-58.2606260822928,-58.999977044616884,-37.56558744861969,0.0027410603676954466,2.7561412356618357e-05,0.0004458056563566826,0.000877056090436858,0.0013374169690700882,0.03518503249855071,0.3857813131529838,0.013881029177557168,0.02336936915558129,0.043606667679721225,0.8885306705545405,897.9708304359881,2538.3197948432667,3124.515915634359,4540.334647379155,15.656930021884554,1.0,-1.206271,-0.28552365,0.27122012,0.23237972,-766.3157,130.75658,78.81922,43.24651,24.556221,3.6993425,-11.16345,-12.051862,1.493029,2.4836287,0.20321964,-1.6157266,-4.248015,112.94483865555256,114.96171077440171,34.89610042829617,7.660145797672158e-07,0.0008246854413300753,-61.11550970309851,-36.55204999304815,-22.53304668466037,0.005283876533205989,4.953510812304493e-05,0.0009587810284417052,0.001597850377975679,0.0028763430853251328,0.05919583934560849,0.6324907284803115,0.020738177548523692,0.03899555547135534,0.10103490935928111,0.936174599087062,612.9936007596103,2383.347177572156,3311.1938889328194,4630.048667446662,13.354007509615222,1.0,-0.95551234,-0.511147,0.068780094,0.40286377,0
44,AVPEPUDEAC0039a2.wav,0.0005780287731408409,2.1687274169130775,53.437824379775925,0.027579395347044823,0.6211081596650274,0.00032854932581356707,2.6213372081924313,36.23198813713141,0.02439432650783235,0.4216153118768066,0.0007489462238450175,3.2652999084577026,39.9954816517063,0.03399343335465495,0.3906677897597644,0.0004680980485324328,3.08576786233195,35.20902683590101,0.027909547183280616,0.29201568297736646,0.00031106141898322556,3.3997588107729544,37.64766396385179,0.024504758574964383,0.2810198658979222,-632.2158,181.0308,8.338079,6.378049,-14.083863,-29.499445,6.5106564,15.655581,3.6592417,10.846955,6.3009653,-7.0146623,-1.6621417,99.08209043730162,104.85386269578521,5.740471093898462,3.1346912692242768e-06,0.0016276005189865828,-55.032705810085965,-54.45133156547982,-377.66192734606784,0.0029998818490064734,2.8700874122498973e-05,0.0004420038651592856,0.0008366428096798698,0.00132601159547783,0.02824229593935106,0.3167001538745621,0.012240366469347765,0.022120293080455464,0.046916312752643595,0.8767177889344199,1076.2548881760267,2074.2550747460373,3564.3254215617217,4431.460316836999,15.61707994227668,1.0,-1.8418611,0.5965249,0.4705128,-0.21827474,-670.30634,149.91281,7.4111104,23.556202,39.182293,25.748896,-13.821512,-27.726295,-0.59306526,8.333079,6.7792125,-20.179575,-26.327345,102.74111155021481,105.64887885823974,12.802696613569417,2.7534554192243377e-06,0.0014448565198108554,-55.59621277286397,-55.49163460100136,-108.87328933244363,0.003713736831713844,3.5548460387015836e-05,0.0007323522987242301,0.0011047634794661692,0.0021970568961726814,0.034435838106961186,0.3634800795967189,0.012312043327571381,0.019251558657657066,0.0388641743043925,0.8614282274872439,384.7518492912042,1899.5448705543893,2513.834120723183,4045.2268436874565,15.741209124839447,1.0,-1.7744218,0.52921146,0.4241392,-0.17295568,-673.5403,119.62475,-4.3891597,53.844616,59.056114,34.874893,-12.492023,-19.069983,18.975412,5.713995,-11.352044,-16.730236,-20.54929,105.69523422002351,105.69523422002351,7.462380314957807,4.6554914661101066e-06,0.0018696169136092067,-53.28706553611979,-52.95489014516711,-203.00080367847613,0.002802555357488537,2.664966750682506e-05,0.000569465361884605,0.0010270193330207526,0.0017083960856538016,0.04571998318996874,0.4485671838730081,0.01786632761145486,0.029094463146767044,0.0587226667374154,0.8869605656951037,277.3422056994908,2144.0099956876634,2746.8963954548944,3650.6305434403926,17.00353871681516,1.0,-2.0873892,1.1481194,0.18028915,-0.2366351,-718.3883,159.78525,61.609024,24.746248,8.82873,-10.447272,-14.169652,-10.432308,5.382191,11.677316,4.3084793,-5.0335603,-8.6627035,98.36812187912949,105.39441629906729,13.928331201171165,2.6289089873898774e-06,0.0014103087596595287,-55.79533933869679,-55.0077954146071,-83.16077371444986,0.003633034362957048,3.490049208847206e-05,0.0005768656861566122,0.0010557010660378974,0.0017305970584698726,0.03940855637308894,0.41663578643304544,0.016626165116243118,0.024392191339371056,0.04954888382913933,0.8889678077070521,789.6908277987638,2427.005669572574,3196.734038097038,4583.837752192433,17.225586194456458,1.0,-1.1376505,-0.36647648,0.21266654,0.29767567,-758.31116,137.3894,74.893814,39.56218,26.808022,8.402043,-8.300997,-16.537937,-6.5586505,1.5529205,2.813278,-0.22542596,-2.052738,98.81449570666601,102.05431523803212,19.952281431134104,1.6300035667882184e-06,0.0010553313186392188,-57.8199066969314,-36.55204999304815,-56.74185581857644,0.005354708492552198,5.387993374817199e-05,0.0008670272014610831,0.0011522928051474137,0.002601081604383272,0.06609671485168213,0.6101764253167025,0.025114696671380877,0.041679448623633576,0.08898773734212226,0.9556602619704886,564.361301427669,2053.4482780979793,3129.334335673783,4491.371740287731,13.497885933575493,1.0,-0.9775349,-0.5185751,0.07914275,0.42079258,0
45,AVPEPUDEAC0039a3.wav,0.0003322590184467781,1.9542858861145451,43.184722603513684,0.023024930496130074,0.5137158059572651,0.0004845333559294753,2.948072815043842,50.44502535187831,0.026221012151770612,0.5282225235524721,0.0005760386713557036,2.9795748067929377,55.45786757602625,0.03682752206248446,0.6596631639016606,0.0006236816307468727,3.055023134167338,47.3347951598087,0.03288288526120472,0.4548890443550693,0.0002826296950190307,3.068009990359753,36.00557299181186,0.02403845785286152,0.34417150127054236,-634.8628,178.31044,4.9743667,5.049776,-13.926232,-22.288858,12.782211,5.625507,0.28823295,11.845881,-2.8205407,-10.770635,2.1079602,106.35822388227889,110.98249448585624,18.022851880072583,2.503160430933349e-06,0.001450341776944697,-55.99150907421539,-55.40260017845924,-58.88040774115706,0.005219563864617433,4.7961297898001166e-05,0.0008303185898152395,0.0013571260604729606,0.0024909557694457163,0.04528384912717581,0.4971948854122939,0.018684688973756556,0.034677347574543826,0.08057862895298727,0.8546068835293453,605.0002559226032,1202.6470476804157,2324.616556056408,3660.7012249665795,12.873003231417815,1.0,-1.8247391,0.56428504,0.4826195,-0.21339208,-680.65344,135.59326,7.3129864,32.393036,39.55038,27.583267,-11.973737,-27.489805,4.430814,3.6197367,-0.8768786,-15.849665,-16.234879,103.40523231335008,107.62585404042558,18.200705450952135,2.3247725948749576e-06,0.0013142928946763277,-56.312666477046506,-55.75034917507451,-49.60228588181229,0.004166379409304732,3.948471680909545e-05,0.0008355253848231566,0.0013984969702844042,0.0025065761544695035,0.03408222892451818,0.37239979006699286,0.014438618021923541,0.021651051500493908,0.04239886837850592,0.9293981102406214,305.5416433516266,1968.306711734922,2523.8922430883936,3676.239244868658,15.695433943565613,1.0,-1.7448093,0.5891304,0.29552725,-0.13522589,-700.7089,118.60851,12.466663,50.967587,59.909817,40.924458,-8.406144,-21.968088,16.641855,3.599158,-11.065194,-11.926107,-20.300758,102.7111125743014,105.76193770027075,7.558743906200529,4.60752880826476e-06,0.001955332001671195,-53.3363376366127,-52.96925370289014,-114.7791894407665,0.0025481240064134376,2.4180759254919104e-05,0.0006174632399987516,0.0012821863796587092,0.0018523897199962491,0.03187602809418019,0.40359437254003505,0.010678149201899422,0.01686188208932752,0.03597201512389868,0.9254455716713478,228.91614671388743,2129.230728276264,2749.1103653298355,3631.3800548173604,20.00006356118653,1.0,-1.8100322,0.6125954,0.4036803,-0.20340228,-717.43567,165.8443,69.91437,26.232054,6.8100414,-10.637544,-15.847231,-12.447264,3.296346,6.505191,2.209223,0.5246773,-0.59478056,99.64433874166536,104.82066802694669,8.566473645189397,3.583872285162215e-06,0.0017035119235515594,-54.450280900382495,-53.92175273479731,-47.20453157683353,0.0035373536093737524,3.389976905375743e-05,0.0005316601596324468,0.0009557658779336172,0.0015949804788973503,0.038457823204530533,0.4370183985982392,0.012163812935615819,0.021789197408462736,0.05324741737134683,0.904625544713924,766.4943063254873,2490.6870443792473,3284.0673775752307,4726.583230114621,18.690721948929767,1.0,-1.1195492,-0.38856128,0.19698957,0.3156862,-758.0028,140.08499,82.30047,43.729977,25.86326,7.897968,-9.035207,-15.438535,-6.508913,-4.491305,-1.7786463,-1.5717684,-4.1119876,107.99955263243443,107.99955263243443,22.05257068047877,2.1139833279448794e-06,0.001258848700672388,-56.72831205638481,-36.55204999304815,-18.413277918600826,0.00741264171106271,7.083744131145168e-05,0.0010819244570947372,0.0016005248806087544,0.0032457733712841943,0.04834086031851281,0.5057756048055333,0.019316219451131274,0.03652126647319289,0.09182605893343249,0.8863906810620441,2248.221815758082,3165.2927811287104,4517.3558875105355,5334.741242469066,13.419916137998728,1.0,-1.0005764,-0.50561357,0.090835154,0.42004782,0
46,AVPEPUDEAC0040a1.wav,-0.00293164589352256,0.8827229769224454,522.2304028631696,0.03852266755176661,4.589788471243267,0.002959254345775101,3.4983958970403246,27.133076963651025,0.06696626349630726,0.4087036843638513,0.0017341480589664487,2.8793207026443235,59.26207982841995,0.054919676488068815,0.5996604190237079,0.001541860452125032,3.506306193045735,26.31090027442426,0.07566912531781189,0.39356764011284784,0.0008336801263389369,2.622077009168796,57.94266873132807,0.06985905009798084,0.7136877798373337,-609.32385,216.73358,11.825756,-8.725308,11.916431,-17.258816,-30.691914,-4.6551576,14.927877,-0.6764256,-12.188291,-4.688518,-4.766836,102.69299691166826,106.72017326114543,5.774158505540788,9.008677807287313e-06,0.002900313585996628,-50.43371243931881,-50.583709594099865,-79.89277007033627,0.002728536485231673,2.5655460442678147e-05,0.0005933890416339063,0.0011384350969136036,0.0017801671249017361,0.02470341170508594,0.248390977233895,0.009428281533398995,0.01440358451353362,0.02845820101002591,0.8335789781545648,1042.3546916922905,2295.402243543617,3124.2435732349286,3908.5677812238405,18.81305927808617,1.0,-1.9244595,0.5170394,0.80128443,-0.38769585,-556.5385,166.7723,-55.70431,26.14033,77.50467,41.197685,-33.17633,-18.636513,6.1294327,-17.539747,-20.860424,-6.668858,-22.444765,97.55054162113306,101.163524644138,12.850024677636512,4.995747440261766e-05,0.006515128072351217,-42.98415399632604,-41.71941064956248,-73.30433533348949,0.0025471934200296067,2.545542899163686e-05,0.0007481824102531529,0.0011611462563341042,0.0022445472307594254,0.02714459300621399,0.31678609115021056,0.013790677022045441,0.022174414454034407,0.04069280723075034,0.7127372264709444,2030.1623814112704,2465.9564611872747,3284.5697668929847,3589.965971720571,14.654864895588695,1.0,-2.710233,2.4959002,-0.7151625,-0.06838903,-607.49097,120.60514,-43.5638,67.96129,88.02912,41.151913,-18.17573,-4.1372094,32.430058,-7.931123,-28.164223,-9.98207,-16.39622,99.58183993955848,102.29770830154644,12.04296443953058,1.0933357771136798e-05,0.003139481646940112,-49.61255912007863,-48.360929321074465,-43.5882012126671,0.003945788246202077,3.894313487602508e-05,0.0006361424079014736,0.0011480170655034734,0.0019084272237043852,0.03055417217981859,0.3400043333297439,0.01363077930651531,0.019647597214578653,0.041253243280583794,0.9613861814757346,2382.953132061506,2647.5839032509907,3305.7515372169482,4289.988478587478,12.894037914501657,1.0,-2.4405406,1.8400589,-0.14411747,-0.2503841,-658.58203,182.00427,56.259247,47.35019,36.60191,-9.691737,-33.38895,-9.332719,0.92239976,-10.979586,-16.143406,0.62328166,-4.576754,98.24421643237172,101.22131390001935,8.445594816154912,5.2391151257324964e-05,0.006779929157346487,-42.79769946472743,-42.826782417498315,-40.73120327957958,0.002506844745034683,2.4892817215676377e-05,0.00043770140138103987,0.0008370606708813055,0.0013131042041431232,0.03368860383438307,0.33801202882735176,0.0106733994643536,0.017529894065230766,0.03945679111165412,0.7116178766117178,647.8776345180385,2478.2559664961914,3538.6677235214156,3972.2078677403756,23.621017581166726,1.0,-1.2598671,-0.30376673,0.40507513,0.16473235,-677.907,181.86157,70.84919,35.250175,18.846022,5.4087753,-16.08539,-5.2280717,5.474862,-6.511329,-6.2388425,1.1737946,-1.9713577,100.16069339392614,104.37798574735461,10.620598427114253,1.688000702415593e-05,0.0038177939131855965,-47.71640727476678,-47.4149479344523,-74.48419446322288,0.0038130893676185315,3.675961066413072e-05,0.0006597242867065349,0.0010479512173558751,0.0019791728601195754,0.0271606826573047,0.3543619603739791,0.008600800145454196,0.015180818156385781,0.033865015921003244,0.914976314030504,715.7604966733875,2385.562205499567,3529.621569935434,5047.8297277198,21.53450950849889,1.0,-1.1756353,-0.26391214,0.07899076,0.3640022,0
47,AVPEPUDEAC0040a2.wav,-0.004682677660020478,0.7386052613337564,6101996.730496578,0.045333078367900535,3758.69520122156,0.0033566601616244903,2.8080400381731723,30.571059434341738,0.07288750238122574,0.4074609711015444,0.0028826228104205363,2.9853388278332615,38.282075855959704,0.06634633117752956,0.42421819317472625,0.001008319495743074,3.1101540117704105,26.727000524801085,0.06650797623567788,0.3399939946625235,0.0010127501596450335,2.923031594348605,36.39069546614964,0.07747879181412137,0.491200265058805,-565.14246,226.70291,-22.091661,-34.880417,-3.4069057,-5.380011,-13.639144,-8.016883,15.77152,11.708128,-17.165474,-4.7051964,11.736579,101.46173944313654,115.34597747219735,3.9010598813129254,2.065066473733168e-05,0.004383058287203312,-46.85342994255143,-46.495650088532194,-36.98216849998214,0.0026063206631053173,2.2624618933324618e-05,0.0005502978614203947,0.00122622941065743,0.0016508935842611818,0.04877314429283626,0.5474385622233807,0.02151762335499391,0.03811764676909546,0.07839904097289797,0.7802093823150706,1133.2289728510193,2181.9047743644715,2985.7776612878624,3743.7416953331394,13.019273776121537,1.0,-2.2252567,1.049934,0.64462835,-0.46496117,-522.26056,166.55116,-57.643246,31.543509,62.482685,46.075954,-30.019552,-30.245089,4.835661,-16.775497,-20.278715,2.6829598,-20.277252,100.22977880622993,108.11301983593343,3.562447544932298,5.014082489651628e-05,0.006676570978015661,-42.987569669513675,-41.2407839078389,-90.78155494670943,0.0028500196641508668,2.639461898354849e-05,0.0004649567547374127,0.0009274366433896778,0.0013948702642121967,0.030764473989332918,0.3482192772824098,0.014517993128888749,0.021161240083710512,0.04151634611555767,0.7815964527283046,1986.9100320201699,2408.8264906082727,3299.162186491471,3609.865152415097,12.551070823134252,1.0,-2.8344455,2.9206471,-1.1938665,0.113134414,-580.0721,129.28697,-50.241344,58.267075,85.514854,41.328613,-18.95923,-9.407467,18.231657,-1.9359819,-27.892345,-12.461412,-18.107468,108.59260172515108,111.08898337400511,16.782755785691116,2.8880820536869578e-05,0.005055223125964403,-45.36329176140689,-43.60470346752777,-101.83618583041164,0.004503087751145438,4.1147912096397464e-05,0.0008539284626181866,0.0013567468483983666,0.0025617853878545527,0.03652025892110364,0.4877461843092793,0.014721153822886187,0.024765680227795385,0.052580207277191454,0.83255987038284,322.0063011240274,2297.275251237322,2565.342910752443,3316.0402417466894,13.219697427324986,1.0,-2.5977838,2.2095537,-0.44901484,-0.15845522,-646.15454,187.85062,53.227455,42.625034,33.32095,-9.662865,-39.873203,-13.452556,-0.75335455,-11.961598,-14.4319,5.985444,-4.0678945,100.23345887496811,109.71500228205969,17.562963488770105,3.0286693800007924e-05,0.005082306452095509,-45.17434898608024,-44.75784277758378,-31.992823863573808,0.0032930315214824185,3.0490680824721948e-05,0.0005896419560469621,0.001109747462262659,0.0017689258681409055,0.03490720231867491,0.46076119088170614,0.013683257446422003,0.023162817407246676,0.05457030557892225,0.7689518916955115,659.7324968362625,2417.418499858824,3408.12921943622,3776.029267090839,18.2729991674526,1.0,-1.8939399,0.7136781,0.29229772,-0.108372904,-646.86035,193.66547,58.6745,31.186296,13.080465,0.5372783,-18.535046,-8.813153,6.3416996,-9.414666,-8.688224,5.042672,-5.560607,102.26244635952898,108.10601472293062,2.6203253963323854,3.3047919714590535e-05,0.005455903708934784,-44.75960939100395,-45.0484195434214,-462.73126515795377,0.002963516935356521,2.7430456684432658e-05,0.0004458207683291149,0.0009265893710910418,0.0013374623049873281,0.03132438749460873,0.3757939261028214,0.009547938812537632,0.01643313776602629,0.0364838524817501,0.8016591906330123,730.2092883990866,2357.064497291568,3452.2733282281447,4372.181819764606,22.915834883353376,1.0,-1.6309965,0.31080323,0.2973538,0.026167594,0
48,AVPEPUDEAC0041a1.wav,-0.006139627862232528,0.7946059813340919,1448191.0821926151,0.05181038225230918,2666.435139019869,0.00027052197727331866,1.5587444456648103,187.0225902032812,0.05115751736337073,3.12621539970107,0.0016633447963255964,2.762798125203137,57.76912193152233,0.0945195867891123,0.8204374024042344,-0.0012679710308380805,1.4457129366751027,90.55460973212519,0.05806849965796569,1.660430187670657,-0.00044162747489139454,1.3775019853708854,35935.779721747866,0.08884719786546605,3147.704401892681,-522.9736,184.73291,-37.457733,-0.45594054,-3.5520918,-20.490028,-19.2253,10.50573,11.084581,-0.9659458,-5.844674,9.373711,13.193245,123.27142228428669,128.87466875175426,7.802765503984247,2.9170654670451768e-05,0.005215123761445284,-45.337737126133355,-44.94550434614554,-136.40461318064084,0.004667299833162916,3.635261541598804e-05,0.0007221077148347835,0.0014469319226000168,0.0021663231445043503,0.035515672396359964,0.373200788392772,0.013640238704177325,0.02306966998428497,0.04043170268466712,0.739345704263935,751.370383418777,1332.8258967936033,2654.526191180676,3659.8402167317436,14.892346343494749,1.0,-2.4972239,2.1052442,-0.5792463,-0.021922441,-559.3163,142.88588,-37.349483,30.838614,49.286793,31.701551,-20.677408,-28.152208,-12.222232,-5.391958,-14.330879,11.155199,-9.366104,128.49169487527402,128.49169487527402,8.910342794084615,1.106662330130348e-05,0.003213504096493125,-49.52776146182749,-48.95349390622024,-43.085859433784286,0.004920836256290544,3.850787088417291e-05,0.0010097283089535222,0.0017908737251249981,0.0030291849268605825,0.03118886039873388,0.328168880926179,0.014157734036097892,0.02224410714427484,0.038055382540341985,0.8895650542438558,1884.912763081304,2639.339800894853,3547.7586205965613,3747.4530041359735,14.22573371099741,1.0,-2.299318,1.7027035,-0.27943715,-0.11379552,-605.1517,119.636696,-40.02599,66.72442,77.88968,36.064266,-9.489701,-22.79033,7.2116613,1.2054131,-20.913675,5.503094,-12.275311,130.49931066215146,130.49931066215146,7.746971905543116,3.668668068712577e-05,0.005376563873142004,-44.31549421475323,-44.79533215025587,-131.9521489955755,0.0036695261061106856,2.822132813296014e-05,0.0008799770643280005,0.0014168035255731478,0.002639931192983999,0.0367331572498852,0.4189715753866198,0.01064049273857197,0.01635924820922058,0.03881623780403919,0.8804841496031398,2094.1777954293257,2840.7128453293176,3476.829530881925,4152.40387832165,19.792664153423534,1.0,-2.5485764,2.23874,-0.6459828,-0.042183634,-586.1467,170.17467,24.066715,29.539795,-0.77898145,-13.201016,-41.172367,-12.866738,26.81384,-3.836143,-21.995358,12.619642,-14.675663,131.20927718169378,135.6823207219788,11.59884983047524,2.090987800329458e-05,0.004341773688793182,-46.769474076862814,-46.709665971703444,-33.76768792259548,0.006103195634540505,4.533832806919117e-05,0.0009446882175175892,0.0016944615870396697,0.0028340646525527318,0.03916797065999553,0.37768624203149664,0.014182018556736072,0.025178376881354034,0.05579358993616756,0.7995264779874995,873.7158823545086,2573.1203735129925,3376.198658673111,4270.191937332566,17.284017627080484,1.0,-2.1164591,1.5641325,-0.66846925,0.2276567,-618.987,155.04477,35.950733,54.720764,9.576635,3.744108,-23.7669,-23.647581,16.169847,22.547892,-19.9245,4.164596,10.767538,127.77734441370603,127.77734441370603,3.8929639846624915,2.959730409202166e-05,0.005290515720844269,-45.27031379682337,-45.82382406901886,-133.37010952052893,0.003341013040407606,2.6172276408353413e-05,0.0007949567365459366,0.0011944143364297794,0.002384870209637792,0.03079890177546974,0.31820875040233826,0.011135500367204888,0.019263313110475622,0.03673343486975815,0.8966050817647545,2160.546018090477,2383.110385304821,3224.8490475612653,5168.341969023041,22.289321963711625,1.0,-2.3412955,2.0588813,-1.0103412,0.29782155,0
49,AVPEPUDEAC0041a2.wav,-0.004724214923988757,0.7795574935866286,2299322.8394123833,0.04830432405016877,2999.821139587151,3.508682453472669e-05,1.492745259107973,1010.6568431799041,0.05700460069803577,26.545627421902402,0.000763563073111627,2.3378132476824063,72.54181963234608,0.05717634987435153,1.1811086255209713,0.00013880672926642917,2.042299844745057,48.10101519661871,0.0519117625180624,1.0287092454827027,0.0004098661843360428,2.065912105586341,70.73501764570945,0.08038290093622966,1.4370010621959597,-536.67615,181.08147,-30.991514,-8.52983,-3.593466,-18.799791,-19.827496,14.039963,11.599308,-1.9268861,-13.050161,8.858928,18.190002,125.44068577905472,129.36070720965017,6.743918705679007,2.5641351385274902e-05,0.004842753987759352,-45.902234494549546,-45.36354599489933,-226.86706989160405,0.003319865067595721,2.5740246742370955e-05,0.0005393834761134107,0.0010158292977274742,0.0016181504283402303,0.03226226417168812,0.323977059923068,0.014544250811679637,0.022250262120185837,0.04487456179445621,0.7458864490867382,1289.2228661247134,2642.597579779136,3462.8780646466635,3604.4808422327965,16.387520646158425,1.0,-2.3226113,1.684082,-0.27958214,-0.07197197,-586.363,144.40086,-32.701057,32.752872,45.25764,29.041206,-8.348998,-20.513058,-9.19256,-5.8331337,-14.57158,8.152048,-2.141645,125.42895022668243,127.93752923121608,6.632086245180618,9.725565178086981e-06,0.0028817385900765657,-50.09626939161645,-50.477083969140914,-144.49898554584172,0.003626352491100732,2.842988128406041e-05,0.000752649903984086,0.0012792691849384604,0.002257949711952239,0.02846180179641349,0.3143443954002974,0.011583216560198915,0.020990756182590123,0.04404868657071665,0.954095880126364,1834.2434644023733,2658.5446099288915,3500.125268575266,3803.9255329319326,17.934576973842525,1.0,-2.3050957,1.693569,-0.26658985,-0.11542281,-620.0656,112.42333,-30.499123,63.426987,69.192406,34.09986,-14.955467,-26.977478,5.0410714,2.4434333,-23.29655,-0.54963094,-8.24985,132.5476126993678,132.5476126993678,5.4189815731069855,1.3560479601437692e-05,0.0034317192621529102,-48.660834699862505,-49.75003980891881,-51.41030886457295,0.002661393984505175,2.0116489279049105e-05,0.000674237312785124,0.0010073927926713144,0.002022711938355359,0.027763551927065554,0.2521491455039583,0.010202646748141352,0.016592264672019436,0.036629604391266224,0.8865940918486138,286.13355238129503,2116.482491511766,2883.4799935890906,3534.571243532183,22.275814578613836,1.0,-2.3243902,1.766013,-0.33095694,-0.10646049,-609.86066,173.77174,23.659788,26.10574,13.28667,-14.980991,-44.593452,-9.98512,27.383657,-5.9588184,-27.87137,5.733893,-15.048094,137.03537488912906,137.03537488912906,5.438643028913236,2.1588994059129618e-05,0.004431774839758873,-46.642790408946844,-46.804528591659015,-108.31445183148494,0.003103760595204682,2.268806738709969e-05,0.0006512488811277672,0.0009870349009867873,0.0019537466433833125,0.02125227495282931,0.27557102556287555,0.007474704985781102,0.01211249733130174,0.021704887484672728,0.767952053999038,863.3212645714589,2622.5438923600136,3329.113306968775,4142.37874177026,23.735012606542703,1.0,-2.1173322,1.2780391,-0.09896768,-0.056979045,-618.9728,153.94203,34.837257,57.87596,17.031084,-13.835501,-39.329,-28.576777,16.467329,10.467312,-30.320429,14.740791,5.7256927,145.8774776942905,145.8774776942905,4.92419229510455,3.6867255403194577e-05,0.005710083059966564,-44.33555909696054,-45.43015039138333,-152.96614654541796,0.0032370054338787557,2.221687697262233e-05,0.0005864348685689347,0.0009636270524565153,0.0017593046057067824,0.021420403315452127,0.20857935997476573,0.00943778000164272,0.01548033429254675,0.03226210148444516,0.8180308089087677,732.8127717701522,2510.076133353811,3238.9767264029756,4248.045564590656,25.954536014147944,1.0,-2.2583647,1.8455966,-0.8031186,0.21932352,0
50,AVPEPUDEAC0042a1.wav,-0.00023621742322651855,1.1415893959321937,69.62822582453245,0.02316990209022214,1.066725823846634,0.0004864820805010643,1.4792933682119658,168.59096352504577,0.027790836802732456,2.248192971518504,0.0005984293219501298,2.930580732667358,47.11705344659987,0.0302570524727572,0.639864746887088,0.00038891987241656314,2.5414237153718418,24.65526312109475,0.031051937724592193,0.5101881726732739,0.0004964025592356907,2.513956424866678,65.25502697379108,0.04264418888840434,1.579523523469111,-548.0762,146.20523,-49.34462,-0.76618207,-15.15419,-26.97298,14.962719,34.155678,-2.3331807,16.905523,-10.176398,5.527193,2.4257295,124.37257527704057,126.61352257932958,2.0573057528362906,5.721188699681079e-06,0.002305153291672468,-52.41289112633258,-52.08045815485674,-306.49305923219043,0.0027631580476059968,2.1829282442869827e-05,0.0005756201381029348,0.0012443774843057048,0.0017268604143088136,0.0446168055857128,0.4053469248321078,0.023164432137917045,0.03785062492731343,0.07273238073087807,0.7905579409290294,1320.3036653599115,2952.2108630559,3804.0429225676835,3904.9646789890726,11.335789239250072,1.0,-2.1268783,1.54643,-0.42855987,0.03546959,-576.71924,111.88755,-33.988422,39.8014,48.558464,20.061354,-31.750141,-17.896427,-6.6665,4.666065,-2.702293,-3.0953002,-24.897842,128.52447743205758,129.41700852533575,2.895995484470228,3.7208396861387882e-06,0.001887644175440073,-54.27985532422887,-53.20873813970388,-139.44365414242955,0.002935244869196552,2.2691785585153254e-05,0.0008196975155994826,0.001632328358851896,0.002459092546798434,0.04233800304939886,0.4148913845157539,0.01944334087791393,0.032640085809012044,0.07066920386677847,0.8837502650381787,484.05953476596227,2059.1155379833713,2757.22452855471,3620.554595692167,10.983962425867173,1.0,-1.9170198,1.1683812,-0.28062248,0.06773002,-673.7203,92.929634,-8.28518,64.05015,64.56191,12.511302,-22.32404,-6.652743,20.847343,-2.2975597,-12.851744,-3.0292659,-27.729012,133.90773162713006,133.90773162713006,6.381995603790469,4.451686436368618e-06,0.0016611702740192413,-53.53856133952324,-57.82810260845931,-104.25726008915186,0.0035748857197606216,2.6753373312815444e-05,0.0008450194841392137,0.0014943809823620695,0.0025350584524176547,0.050803860986314724,0.48683956596890793,0.019180269160469072,0.03141202339087573,0.06382718850786817,0.9045953034432387,273.5498086627599,2314.1987694194304,2975.1768735596843,3777.869936518521,15.099515284427447,1.0,-1.9972929,1.2217414,-0.058975637,-0.15836938,-617.91864,155.0623,14.669054,46.834644,-5.133603,-40.911827,-33.84447,0.7333738,18.367823,-18.10614,-6.3547845,9.430234,-24.627863,139.78642800190363,140.79937313235223,5.3890364495551735,1.2055506886099465e-05,0.0032533616758883,-49.19604346883946,-49.63247271480734,-138.0291136238154,0.0034265346552775416,2.4370356322904236e-05,0.0006808767190142792,0.0012117819271573059,0.002042630157042817,0.03309298436592068,0.32044436717167984,0.013479180675207139,0.021921946699874555,0.052832046531402846,0.7026463249935938,509.1309770237442,944.459905574955,2987.440096867889,3716.4609150822284,20.71973040324459,1.0,-2.2662218,1.6800814,-0.42975375,0.021945622,-695.8337,130.08388,48.507736,67.07917,31.2712,-17.526691,-39.763275,-1.8916397,13.923579,-20.91277,-6.8948436,14.0239315,-26.342373,141.91979744477322,141.91979744477322,5.7834083597834605,1.1474151506263297e-05,0.003222879022359848,-49.397781250117994,-50.44075458710246,-107.33052273628697,0.003348834428950062,2.363192242455448e-05,0.0006592632041136454,0.0012018909580186923,0.0019777896123409377,0.02590530278837116,0.2517806937394198,0.01227455509522447,0.0188202834687618,0.034506384675709344,0.8023061183697842,657.3531597540515,2676.515835264221,3574.7083286292404,3884.06647905905,23.83044457850154,1.0,-2.0470085,1.2375705,-0.15955923,-0.028752258,0
51,AVPEPUDEAC0042a2.wav,-0.0008890834837861899,1.5932443990901959,15.973202187154197,0.039110091992902246,0.3063965930934746,0.00018793128632311462,1.675087635195238,62.011363831817526,0.045632575419530835,0.9646985496382274,0.0007966314870073729,2.6219916866354165,56.26688432758879,0.04162901378840511,0.8306726896811519,-0.0015413446196050407,1.2807383289589325,56.29442689279545,0.0379297467200302,1.032981978104908,0.0006664044096302624,2.995733073648005,36.56967273654735,0.0466203964188961,0.3976005699306549,-541.5436,166.16805,-38.238945,7.733456,-27.56594,-32.52972,10.748683,24.033596,10.363673,15.198965,-10.980424,-6.389125,7.9565396,125.24059631966321,127.69629428671544,6.234060935614515,1.5737739886390045e-05,0.003730527590960264,-48.02789608138555,-48.751875218669845,-262.7583136883758,0.0032318259149805104,2.536768919352353e-05,0.0006451308088702145,0.0013329065258214496,0.001935392426610657,0.034912189294438664,0.3434407407185063,0.017975290283860235,0.029380433743711798,0.04977302174563621,0.7347204953808844,863.5373826546358,1151.619789462501,2794.195803497769,3849.188988537857,13.025253560499086,1.0,-2.4639285,2.2191563,-0.9146908,0.17286368,-559.79584,142.58643,-43.673782,33.91189,47.639694,14.835352,-32.95936,-20.555977,-5.855692,-0.9739753,-3.8032198,7.082819,-20.377161,124.29918383022698,125.97890253063545,4.7774159515678205,1.2389232324494515e-05,0.003297373652458191,-49.05075600862844,-49.240517856088424,-200.42500878194767,0.002629664883551837,2.0903642526255582e-05,0.0005621113108118143,0.0011212362401126236,0.0016863339324354619,0.025817523508900833,0.30848925961751716,0.011039904096932453,0.01780393458118248,0.036412855722549445,0.8153286342524205,488.9032321614448,2019.5641939694938,2718.296207690693,3744.383866466434,15.76832637308812,1.0,-2.2800388,1.7150604,-0.3676548,-0.05584843,-615.7221,90.128784,-33.33747,68.5968,62.438366,22.093948,-9.560436,-18.0099,14.661291,8.903212,-26.132296,-6.5868983,-24.455805,135.95667047147526,137.15982684732901,5.424092216953943,8.096514648059383e-06,0.002693903399631381,-50.92075395522794,-52.284720097553496,-163.49994124754386,0.003055719634696703,2.2311949979213777e-05,0.0007380948844838873,0.0013514277418366532,0.002214284653451664,0.03489097663591393,0.3412982490720294,0.0143530510603159,0.02438444951227174,0.042399776283687865,0.8741602729926646,269.0232150805075,2261.1407371561227,2986.1289118911104,3644.5148785925544,18.080572579150115,1.0,-2.1050923,1.5671673,-0.4919735,0.039395306,-618.69995,159.9471,22.712442,42.172123,-14.140459,-43.712605,-37.663208,5.5733576,21.614126,-13.82855,3.0943782,11.3432665,-15.29435,131.22330113611855,134.22841490259458,6.2666446635957,1.1312959941278677e-05,0.003247578162699938,-49.44409924558183,-49.33484108606629,-147.58556800831326,0.0032491315536713606,2.425718765828146e-05,0.0006883188580522322,0.0012660533206074892,0.002064956574156686,0.03923579108781668,0.4142922624014318,0.016086744794430254,0.02753141588879627,0.06491288452361896,0.7540944333301356,919.7713894244747,2919.036769493816,3703.5930030131562,4087.436996292176,18.259533853357702,1.0,-2.1725743,1.5444038,-0.47355643,0.11024536,-677.17804,133.41046,56.694855,58.329754,14.345928,-9.502458,-24.060776,-4.6539526,10.23104,-10.633327,-2.5236857,4.4716425,-26.524845,137.8506709988748,137.8506709988748,6.715198484308742,9.669210157881025e-06,0.0028893460985273123,-50.15655680242742,-52.508859513922694,-88.23129637889247,0.0035249250798496464,2.5628547152627235e-05,0.0007587292177258565,0.001356593437336306,0.002276187653177553,0.036407458595872626,0.36251126361379693,0.014554242151771401,0.02174497651291372,0.04723822458913439,0.8500469808892432,748.4633890320636,2700.6357358090277,3742.868672824691,4176.012615237524,22.915680836446693,1.0,-1.7113483,0.793417,-0.29099607,0.21268019,0
52,AVPEPUDEAC0042a3.wav,-0.0015001557589266177,0.9814587642632097,46.50959997485051,0.02575843583247468,0.784756668075238,0.0005040303522670763,1.5495294148140122,152.85463266496953,0.037415854176313657,2.1685141287287206,0.0006448629895941114,2.5268687961846283,57.02746781790759,0.046573251890124207,0.8009335350170625,-0.0008031938106691167,1.5130344530011959,54.327296808492115,0.03507244834033755,1.112045202433401,0.0005720049600755516,2.615203936472989,46.42602064616084,0.04541855966332529,0.9119096680303574,-557.0747,141.18452,-32.73815,11.378449,-24.23971,-21.301199,12.148501,38.1422,9.777343,19.72114,-4.576246,-3.0243986,1.0525131,116.44764240036784,118.60408022259688,5.196299283787024,6.390434009517776e-06,0.0023518139496445656,-51.91977775398819,-51.82514183394728,-172.38504030442385,0.0038426560072213015,3.245745339400044e-05,0.0006919677816250259,0.0014811411665031434,0.0020759033448750587,0.043875639950129164,0.4543819665065352,0.02142147785746713,0.03613870032696962,0.06414288297666595,0.7887943300492812,1233.3656709846448,2734.0167421523474,3766.708646195899,4369.63439427655,10.243975035230902,1.0,-2.1990476,1.7766328,-0.7092892,0.15405367,-592.8767,129.10251,-32.1651,36.496475,52.62467,16.98573,-33.606884,-24.74099,4.485193,-3.1444695,-4.441595,5.3667617,-23.951466,126.92244395793803,128.96958015080799,8.304398937312413,6.2493959376297425e-06,0.002320328261703253,-52.03477966868785,-51.28874344231869,-147.30746954658832,0.0037340227923756057,2.9070601597057314e-05,0.0007208678264814228,0.0012695301358660064,0.0021626034794442793,0.030621530512086496,0.3748189286542598,0.013944131382861385,0.02408777845299268,0.043206779163184585,0.8967063749597596,486.02450299258265,2100.2592865648276,2747.2611478240974,3711.4472194614946,14.455193699370154,1.0,-2.2378602,1.6184261,-0.25344214,-0.11067358,-637.9603,98.33684,-28.89493,63.72377,71.31624,24.563093,-20.809706,-20.895205,20.81095,2.6152291,-24.24257,-1.7197137,-24.765167,138.8130941749632,138.8130941749632,7.108627906721595,9.044777470990084e-06,0.002860612003132701,-50.432482826564424,-51.087222754763594,-66.0265367295547,0.004424567075714743,3.1954957448840466e-05,0.000938536702269523,0.0014920819528121778,0.002815610106808553,0.04600771494502889,0.4817988285053093,0.018190393618649197,0.029758782527609065,0.06132847588041802,0.8867432974942092,276.5430385015786,2285.396350505867,2912.7569338954295,3632.284883653684,18.968175543095583,1.0,-2.1303716,1.4378433,-0.21463327,-0.08757177,-631.56195,159.07477,24.722536,45.630405,-6.140346,-43.1368,-35.003178,6.8647637,13.439473,-14.793699,5.3041015,7.6658006,-17.678087,133.43122231262726,133.43122231262726,6.505878101211472,1.0411689800093882e-05,0.003064217511564493,-49.824103460826734,-50.270549110850794,-185.76411242132397,0.003243800167077348,2.4368121574720768e-05,0.0005555114248534416,0.0012079602682591882,0.0016665342745602882,0.03194855303953056,0.37327483024758595,0.011969895988755336,0.01958099437000146,0.04247860195655712,0.7482719570525599,518.9844034708109,914.2438329619656,2889.6664617119854,3786.833500840369,19.641876058345737,1.0,-2.2860744,1.6860691,-0.36998093,-0.024527121,-676.42096,134.60422,52.110813,62.467197,22.767504,-14.983872,-32.739426,-7.3296647,13.185995,-22.95605,-12.021261,12.356048,-25.970661,141.1406146136683,141.1406146136683,6.175310303105515,1.4448214642470703e-05,0.0036022935528308153,-48.41727893975431,-48.87161028041972,-62.44622682627995,0.004270874709706009,3.0315063770814767e-05,0.000963110644740998,0.0015609632117032036,0.0028893319342230047,0.03247519928640847,0.3325631531286184,0.012228553264397783,0.02158247946007426,0.05013657919298121,0.776816542285338,622.6056349805649,2750.212464356624,3634.6266813493953,4151.18619656787,24.441777931583673,1.0,-1.8499237,0.9818972,-0.2828317,0.1544142,0
53,AVPEPUDEAC0043a1.wav,-0.00047400761703907167,1.076415165705486,120310.0192497481,0.027398970274634712,1620.5985720366336,-0.0016928336672386044,1.2164685975145022,128.2352265012486,0.039534613647339165,2.00111559268686,0.0008034628698952467,2.7519824285442,37.15545945653196,0.04847650318641985,0.4669909075453756,-0.0023478694558061717,1.1818017233037326,122.85788568096248,0.042258739536596306,2.0347500642986653,0.00026088103712803114,2.255365852992604,56.96345355862862,0.08128649637027935,0.8274270410814941,-603.22784,169.17084,7.799618,10.340606,-2.3807666,-6.7025156,-4.838806,-2.9853811,-15.324635,-2.0464497,1.4480523,4.453163,16.919353,104.39264928710325,111.7739477215449,8.735304566832216,3.0565170163754374e-06,0.001668276614509523,-55.130735674293796,-55.81660082120658,-11.933971637485602,0.01180338728179825,0.00010627692115423452,0.00230429277700485,0.004306979610178508,0.006912878331014542,0.0599946160028721,0.4999240809365323,0.02753012830558898,0.04795362821614316,0.1026360437248702,0.8889311007513502,678.0587144847864,1446.7361187474714,2685.421557145416,3889.3924599951215,8.735124862034096,1.0,-1.736242,0.7653183,-0.14800099,0.13217078,-594.45593,151.8046,-12.01765,60.28072,49.80479,16.338436,-29.396965,-44.643105,-13.041072,-1.8584641,-2.6543522,-16.80541,-16.352232,103.27613513877162,110.57848812838174,3.6383867688164893,8.809895007289015e-06,0.002912582131102681,-50.54607746246276,-50.918488847358354,-133.37731690665134,0.0041724473697705,3.777583032498683e-05,0.0008117323990984275,0.0016885595068900268,0.0024351971972952566,0.024814712038899206,0.22732843140450618,0.010832050548683813,0.018621363927802996,0.034747517425492175,0.8242973801904667,500.16552066418365,2100.638154677106,2639.306652976886,3589.701091124659,15.154092584838098,1.0,-2.2498682,1.632272,-0.34160602,-0.035026334,-609.64,140.57681,-21.711237,78.706154,70.79869,13.483586,-23.259956,-27.777515,4.980602,-6.7357235,-16.246645,-19.824606,-21.400152,105.27121235985956,111.21394208985163,2.690145963849252,1.2366194823698606e-05,0.003385852323845029,-49.05177026765901,-49.21543508010023,-151.72070591508958,0.003367699728702595,3.0299912450607624e-05,0.0007260644469733311,0.0012588963188118482,0.0021781933409200107,0.030812445962859286,0.3028897736526904,0.012988592865536516,0.021246646414268523,0.04805372771822766,0.8274756796646552,354.5453548610021,2287.9288285430844,2663.497795970539,3606.9406791479337,16.576598709619383,1.0,-2.4568653,2.0662997,-0.5590323,-0.047024727,-639.6518,181.19745,49.558598,41.370766,23.116568,-26.198563,-40.645653,-15.404241,1.2076564,3.316963,-3.059313,-8.987662,-15.795557,107.59253239717654,114.4393299133605,4.062657087568111,1.0873895917029586e-05,0.0032367126550525427,-49.61948498253737,-50.19680347132226,-147.02585386165995,0.004996381463717721,4.371768172346712e-05,0.000729708831355597,0.001577927897912112,0.0021891264940667766,0.040850100464095186,0.35564982902397896,0.01733399922020741,0.029312376751018922,0.055341953432871835,0.7995128040848382,854.9178520793542,2442.2598549503964,3339.9807381565997,4521.922983146008,17.15819758083276,1.0,-1.5434376,0.31132483,0.06260517,0.17747512,-697.861,162.45546,86.01172,69.542625,32.498444,7.080316,-17.056116,-20.448952,4.5178356,1.0552757,-10.10098,-6.728547,-14.947228,112.82126348440623,120.20209380581599,1.9028191106948877,2.7079036954091862e-05,0.005062472075223923,-45.64114000302406,-46.1905734942972,-214.18655736556602,0.0027594468665473205,2.296241529437357e-05,0.000656300005719104,0.0012861902377675912,0.001968900017157286,0.020942141992999073,0.1952471127462329,0.009694564607995075,0.015294769446740537,0.028507320664649557,0.8718553950048263,640.5204042785394,2391.515446803259,3485.95845360432,4458.1160079260635,23.166132920080354,1.0,-1.3125253,-0.02368555,0.0062990487,0.33374143,0
54,AVPEPUDEAC0043a2.wav,-0.0012017632498386797,1.0758438850504128,228898.08780647488,0.04600242737958876,3803.7412911661386,-0.0011294366747933483,1.5893133085948359,61.01517045255482,0.05774837391138199,1.0757792683506597,0.0005214343435458349,2.370187064764729,46.42244424038124,0.07442987348865344,0.6940183030940392,0.0008167211334492256,2.7062280285319,26.356711809118803,0.08038404703029392,0.4694766365589675,-0.0009373573828425045,1.6041933830190243,166.74603546173793,0.09005021662841997,2.5982853964501187,-567.4406,172.70529,12.907257,9.36775,-2.1540885,-15.488369,-2.884561,-0.14512888,-9.345614,5.4102054,4.075571,2.0986948,7.004346,111.36561252211484,116.77921868638434,7.0680254442223545,1.0296534128428902e-05,0.00304632936604321,-49.8510899186867,-50.39811075689213,-23.877964764983286,0.0043885258619925545,3.773236673303838e-05,0.0008379408084210759,0.0014086886920036108,0.0025138224252632246,0.02724985705932603,0.30420826787644245,0.014865452927894943,0.02397360791289359,0.03865580436178812,0.8642599034841251,705.0892269677352,1340.927332478231,2551.5438579730467,3826.7344154609295,14.887809476989423,1.0,-1.5033263,0.3369443,-0.033506036,0.21444727,-582.0265,148.84271,-2.4433582,65.363495,39.095474,15.45238,-20.374783,-44.33453,-15.056849,4.223762,-5.2044096,-15.818427,-13.889616,113.02001246001264,118.92404296165508,3.660640673629461,1.9832463294733316e-05,0.004251725040376186,-46.999285407191365,-47.514842044699506,-240.95469416328788,0.0028341926818716747,2.3856294397427e-05,0.0004838725376068678,0.0008901233505469999,0.0014516176128205925,0.030595439838302256,0.2849738392799806,0.01510054410089766,0.02485605392952328,0.045377536842247816,0.7954055498760708,476.16282808060186,2149.686863332086,2862.630836615112,3983.598541780005,17.149782987918062,1.0,-2.254196,1.7316341,-0.56270015,0.08980519,-598.18805,147.82552,-16.310192,72.883705,65.28633,16.271585,-11.471901,-24.994202,-4.3540893,-9.532135,-13.157059,-17.985964,-22.457573,119.02379299756335,120.92817368552438,5.038068642852788,2.8284473955864087e-05,0.005143185146152973,-45.47119427799994,-45.714722709680345,-204.2045517085126,0.003467761118940648,2.8730537112276304e-05,0.0007121283871621531,0.0012408693019755471,0.0021363851614864576,0.022984821931908817,0.22614616207001068,0.009495154839095122,0.016343083775854507,0.03428577846790659,0.8387341890384296,357.6098025426495,2301.2261932173346,2867.6573621998236,3573.213024754341,19.55694625163337,1.0,-2.4315639,1.980194,-0.48034045,-0.06647572,-610.68304,188.49324,46.87449,46.781727,12.038244,-29.00846,-28.783688,-13.985539,1.5658665,12.077995,-7.1316195,-23.026495,-28.517603,107.72137408189509,122.15825926812846,2.1685662031940405,6.225957622518763e-05,0.007530692033469677,-42.03217577061211,-43.29673210476428,-419.8452198618668,0.002174754751914972,1.780847143714554e-05,0.0003504616886518065,0.0006649650134770845,0.001051385065955406,0.023005558769467735,0.2173832180591202,0.007854565965717913,0.011887876647019017,0.025228216721614946,0.7123863868249403,886.5372051162916,2413.5645987156036,3575.512436556439,4538.988129551566,24.17703435090172,1.0,-1.8850042,0.9005553,-0.114431135,0.10440636,-699.3777,160.12834,88.34174,71.75666,29.505724,3.7456248,-19.857595,-27.272377,-2.6569881,-1.1114305,-7.980057,-2.9317415,-14.188637,115.50792960576109,125.6998057474459,2.547296168224153,2.4541746824979782e-05,0.004800333175808191,-46.07746430877975,-46.61713573976465,-111.75555359977075,0.002897714974417747,2.306185305419749e-05,0.0007719668020993437,0.0014192373727923645,0.002315900406298078,0.02196336317781131,0.20151965989798462,0.008408956833045812,0.014097856704839883,0.034573040824081906,0.9367239417631487,708.2800842951417,2416.782098240209,3489.967627895026,4446.799124637294,24.106644507361548,1.0,-1.3733096,0.09490992,-0.044475287,0.3265014,0
55,AVPEPUDEAC0043a3.wav,-0.0021163264624909643,1.033295782047552,227540.01083356,0.057350182737665484,2986.620550965822,-0.0005163783669918402,1.9336927401283026,37.552649888657136,0.07387530664336141,0.6761469605450827,-0.0007066343206916373,1.6074616571099498,155.55055712877015,0.08195743084565733,2.422827806629101,-0.001104795840982892,1.9050708681653057,35.86152903878847,0.08390461258803938,0.6770489668042946,-0.0001692021438856378,1.8686509832446772,87.56216108652092,0.08771784383800048,1.285551195194665,-534.05695,172.26546,5.5481443,11.382626,-1.4807448,-21.408518,-5.4955087,-2.2870858,-9.525846,9.289919,2.038561,-1.2321395,13.383909,107.60705826237826,116.66870527394696,4.31734971811535,1.8758875739877112e-05,0.004182002507150173,-47.23917739704561,-47.817102412684285,-150.1454177773668,0.003383812582490535,2.9045771878289106e-05,0.0005895022020104642,0.0011461200725646644,0.001768506606031399,0.028497057464907136,0.26212275349636277,0.015173931162737884,0.025161438633051546,0.05257133022909251,0.8291128671130847,742.7900049873092,1257.1811781483248,2515.0538300359476,3817.6662594326153,14.524265744515228,1.0,-1.6294893,0.4290253,0.18065402,0.03280828,-552.005,152.6025,-17.616156,66.10818,38.360733,15.762035,-21.709473,-44.661785,-13.937214,-0.49146488,-3.9425957,-15.476906,-10.362929,113.26100205006074,120.74933276411431,5.379774536895552,3.997286330559291e-05,0.006022075656801462,-43.962056603618194,-43.82023931521569,-187.11512005297348,0.003737315681298227,3.1020205991914144e-05,0.0006471782024705719,0.0012235802359399474,0.0019415346074116962,0.024396222126023312,0.2411525250058303,0.013670189893703416,0.019285485667448105,0.03451394883570193,0.7562096495731977,0.0,483.4497795877047,2174.851418002175,3158.0559771168505,18.126338713161655,1.0,-2.4803982,2.2663686,-0.9717402,0.1901387,-605.6312,140.10907,-15.088848,75.82069,65.87978,13.188313,-19.627525,-28.073708,3.3714135,1.7952803,-12.294933,-19.94052,-23.407598,117.11144884614833,124.23997181939217,5.974043130190111,2.155414767912589e-05,0.004472540691494942,-46.63061542576645,-46.614633584230006,-34.21192828741584,0.004689710656561679,3.784592937914573e-05,0.000885437659687433,0.0014978338593475788,0.0026563129790622914,0.027682068012658004,0.28391135522716604,0.014660198634025982,0.022313943740407134,0.03481205699843693,0.928955913964443,351.26104274642546,2300.14112139277,2958.723779947742,3443.4829669242545,17.557989642799285,1.0,-2.3689897,1.8335515,-0.3582739,-0.10408199,-629.5337,187.24739,61.25472,43.448032,9.450263,-26.704227,-27.751982,-10.645069,3.1805108,6.0654125,-10.767273,-16.872955,-25.877378,116.46029489755077,124.63294717106311,2.5524816433023063,5.396197593654506e-05,0.007132676430046558,-42.65799404506173,-42.63538003439731,-511.4006905953614,0.0023407831163799685,1.8789537107719614e-05,0.0003827327605926358,0.0007922185719931249,0.0011481982817778747,0.02074590671108641,0.26657373871005674,0.007912028089500209,0.012135752701660518,0.026766564339452754,0.7429374614305903,824.0509459354515,2470.466093466352,3582.218056861087,4525.65720551095,25.276567739554,1.0,-1.6708887,0.59226173,-0.14340484,0.22878522,-682.7393,168.43443,73.53393,61.2414,33.34973,0.22916406,-34.568913,-31.946533,-6.351762,-3.4862542,0.46847317,0.435899,-14.244216,124.42152083365787,130.70543602727693,1.9954266607188322,2.6671386876842007e-05,0.00496181333437562,-45.724983635678946,-46.36635678134846,-101.1988886046452,0.003132230071846637,2.3969693354516885e-05,0.0008243219011487457,0.0013604909744250138,0.002472965703446235,0.024040456482111672,0.24453636952430793,0.010067085098644126,0.014925323144178253,0.02919403116745603,0.9054526517083971,700.8765427575208,2388.8558218291196,3479.0391755780624,4331.839713998658,25.975442503067267,1.0,-1.5188807,0.22523832,0.13256317,0.16464277,0
56,AVPEPUDEAC0044a1.wav,-0.0060238983806521085,1.4207562074435003,16.435647156431322,0.07382061154073088,0.5687586241050943,-0.004921387375492822,0.9089568132510389,896835.6836986105,0.0631251550316834,5106.271209752132,0.0003641037496217231,1.5059266999438934,1124.613244712626,0.11065283080562031,42.96758590901763,0.0025814993958830097,3.4644776622192004,14.540341758936258,0.10417143479591685,0.2795479123269907,-0.0013001929465398208,1.642286310092923,128.6226544033944,0.12889372414914774,2.53252209840221,-484.6904,205.4088,-45.462135,-30.984093,-15.898092,-28.565844,-1.8586626,3.1465917,-8.069575,9.728664,-12.813571,2.9180937,-4.3010845,139.95983868835378,144.8421586425987,4.327937498124894,0.00011019824160030112,0.01016080193221569,-39.56891605014358,-38.750474119230496,-449.9680690074051,0.0030493437941377685,2.1072593778667363e-05,0.0004999027398629602,0.0010408925873302917,0.0014997082195888761,0.03711768452328683,0.38307079046909864,0.014523483329340128,0.026190807687797257,0.04742432093498553,0.6650115240083603,1301.4507572383818,2184.9947648655193,2460.3212848746975,3167.337437476547,17.792107217616838,1.0,-2.2371998,1.4105923,-0.036566854,-0.12566556,-526.0622,185.67482,-40.825657,-0.45937392,2.342764,1.4048175,-14.893543,-22.658714,-22.736635,-2.2622554,4.9922595,12.591668,1.911246,143.89778729021646,145.79117922824562,5.02429115194692,3.78069125872571e-05,0.005922380369156599,-44.22048745597351,-44.69281427623897,-191.3135398536978,0.0030080652647513527,2.065886220851269e-05,0.0006238289941452535,0.001202886656220904,0.0018714869824357867,0.026960834331419433,0.27480748371102365,0.01161878882178165,0.019896821193417635,0.03819836003358209,0.7499864130579691,689.8371586519281,1698.4232466286655,2543.1444937482734,3636.934021102717,16.09753479567441,1.0,-2.466767,1.9758147,-0.4639851,-0.038939465,-528.5676,150.71875,-47.913033,42.41961,43.90101,32.320435,-8.56345,-43.91137,-11.084817,7.099127,-13.143205,-14.612457,-23.149805,153.48403482715094,153.48403482715094,4.630588320180073,5.509362745215185e-05,0.007305795326828957,-42.58304798699616,-42.24751489168524,-64.82566368259532,0.003525096897704722,2.2989624239499064e-05,0.0007587608511325834,0.0014576844577665568,0.002276282553397735,0.031132423283673858,0.28309618812349535,0.014367020174024471,0.02278169438954763,0.046643319816566116,0.8798693638119478,2023.2173319284404,2565.4092015336037,3648.1585093234635,4912.3354352171655,19.884856828801084,1.0,-2.5941865,2.3062315,-0.70334846,-0.0036254122,-539.541,191.93341,3.2200427,21.375837,-26.247093,-46.403584,-36.801205,-15.734959,11.095308,4.587881,-1.4218494,8.834715,-11.029289,147.6670283215924,148.78571793008933,6.571107069863281,0.00021951328380964696,0.01429439801722765,-36.553976441156166,-36.37197127560759,-203.04056447721095,0.003499421194399625,2.3570934377816432e-05,0.0005494854775387561,0.0008924015128945955,0.0016484564326162783,0.013778691423003803,0.16947032339885482,0.0059492542522480716,0.009271607511331454,0.019017367977265078,0.6273575732747623,922.3698888403636,2470.8961662738884,3437.013381205673,4193.160081500119,25.11751646197379,1.0,-2.373736,1.7852445,-0.4145273,0.009390539,-653.7543,177.6421,76.2815,56.848297,-7.1659446,3.1119401,-9.991588,-38.74843,-13.454549,-10.4913845,-2.174562,5.9216948,-14.815658,157.44021703863223,157.44021703863223,6.6603743454888855,7.761685264995322e-05,0.008530117571353912,-41.080595744155374,-41.247279148709396,-96.52201715937241,0.0037367537915721483,2.3780830146220685e-05,0.0007175894979949798,0.0012883836549866464,0.002152768493984934,0.018601423140909804,0.18341987089760312,0.006634346723238034,0.012098294152799654,0.027300953040006928,0.8298439021978802,697.4545230322109,2026.4074606857298,3366.996091290937,4922.636631311191,29.50257427041013,1.0,-1.9462688,1.0927567,-0.325827,0.18273102,0
57,AVPEPUDEAC0044a2.wav,-0.028616927500083218,0.5427580278927591,1629.3249133056138,0.06376512810057124,8.99122184207748,-0.008271996858181587,0.8997844438696183,639518.8927426134,0.09372144996312248,3750.1136309375606,-0.00044998355878596524,1.7708099201372465,157.29795840272925,0.2062796552504194,3.421832669490572,0.002097080818653283,3.2793376044850184,15.576438468141543,0.10816615877348167,0.28040454329444675,-0.0010325222319158287,1.7301526408301755,162.48098813115567,0.19033813533510116,3.5508505824414955,-501.35342,209.92404,-37.060513,-20.556015,-21.749924,-30.802416,-2.8402112,11.256553,2.0381563,2.1594133,-5.3895817,-5.574248,-4.8082314,128.85341435011054,135.4612817526803,13.626476942978035,8.998644625535235e-05,0.00876381155103445,-40.45543996874259,-40.331447435325195,-213.85741779221044,0.006222198876269667,4.643806397549554e-05,0.0007896175300856587,0.0013552277986710567,0.0023688525902569946,0.04194425349748817,0.392914164020974,0.01790427766440297,0.03171758086541628,0.06223340215068076,0.6823092572241799,1232.0765903170684,2648.468857609874,2910.1705909607367,4437.768691283624,14.245292380358942,1.0,-2.4001203,1.8288004,-0.39077824,-0.027206734,-489.62607,189.40427,-51.09252,-4.147267,7.2265973,6.6538677,-17.854492,-19.373898,-18.51775,-10.169201,2.801543,16.969875,2.5440674,148.13209151292816,150.62170649633867,9.09413424331959,9.426199540030211e-05,0.009367619641125202,-40.232491981202394,-40.33298296703741,-172.75202980173728,0.0039981766289895375,2.665517697195417e-05,0.0006855827168769451,0.0011571910802144743,0.002056748150630871,0.021021297538973218,0.2066024846962502,0.01100723723579313,0.01644625451181238,0.028946355774963343,0.7231029709817303,1629.3682414216769,2618.671395063139,2773.3223611972494,3794.2353978373767,17.825761800770156,1.0,-2.5243745,2.1764598,-0.69777244,0.05287006,-561.746,166.76877,-15.216953,37.913166,55.724022,36.177414,-13.15452,-38.286777,-17.52236,5.1630764,-18.168865,-12.978861,-21.473515,164.41368040314677,164.41368040314677,6.682846532927937,0.00017414637841284275,0.012524773366749287,-37.574084633732156,-37.640178137192834,-41.61825958521831,0.0034546877042086746,2.105150319706472e-05,0.0008189748395848002,0.0012935271126040299,0.002456924518754389,0.024618175832617006,0.28512686089612543,0.008375865777470492,0.012514542259426168,0.028629137880659624,0.8662830602873317,1989.8460537447324,2528.9638313645314,3437.1636571044583,4981.4538118542,26.957340130461514,1.0,-2.345486,1.5713563,-0.020034552,-0.20423931,-554.85016,195.16762,20.260908,15.449788,-22.12374,-38.266964,-32.200897,-9.440245,13.094596,2.0386922,-8.417335,4.585693,-13.008018,143.7700851912448,151.90801454169258,9.064416776178174,0.00019498064648360014,0.013326747342944145,-37.078587447297494,-36.81854593895429,-26.942089315354153,0.004729348943740316,3.1260771393491275e-05,0.000523660015224192,0.0009645091705044094,0.0015709800456726155,0.024526850000825336,0.23347584274597466,0.009341969186850506,0.016289113872762346,0.033092132790500495,0.6447390269995756,1015.0060206358208,2617.6360036274905,3319.388982041934,3412.5460927450026,24.89674193783142,1.0,-2.1573956,1.3610072,-0.21761803,0.02145952,-664.0057,179.38382,87.45598,64.62096,0.2354532,5.299382,-7.3524737,-39.822067,-12.662008,-11.4987545,-7.9950175,5.0311446,-6.6596036,160.5201039681173,161.92817505555692,7.267915196017573,0.00014878681395202875,0.011589748784899712,-38.250713944415324,-38.94789676437672,-52.781506800594876,0.004119820898125775,2.5498757260490996e-05,0.0008550370333838426,0.000924845197783762,0.002565111100151472,0.02236609439364909,0.22057998070361473,0.00615649735228282,0.010054027855404223,0.025737095933865493,0.8675109035703402,639.3448702067508,2056.6928490116684,3311.530044678055,4883.128838028355,31.034275730273873,1.0,-1.951837,0.92135847,0.028793259,0.0040320065,0
58,AVPEPUDEAC0044a3.wav,-0.015551472286979255,0.6111006136006307,3434494.322977842,0.05196843600987335,993.2314609004532,-0.004985204654930024,1.2550865631911787,57.255688311752444,0.08082072585367897,1.3802523795900803,0.00010601602482100996,1.878098892735951,108.57579430456033,0.20097522839712834,1.9371139994648952,0.0018903028863628286,3.151865210819993,15.238511485773829,0.11379580902560046,0.2667741689718174,-0.00035298515348515465,1.8849041972871479,85.80887530044417,0.14083264005380344,1.5335955553641436,-527.6808,217.23889,-33.28546,-25.800684,-24.32623,-27.448639,5.932748,4.928107,-2.4217184,-2.0484288,-5.4877505,-1.0446717,-2.6646006,133.43753574440672,140.61159680593394,8.757286781739696,4.8509617045056075e-05,0.006772833410650492,-43.126161989000806,-42.79789745325345,-48.05728132186611,0.005542210799862781,3.958951376965351e-05,0.0009185820829835852,0.0014702477984388548,0.002755746248950795,0.03747137278572894,0.34724094510159415,0.015759522764091507,0.024086596490911796,0.05171368273139493,0.6930939388729433,1342.3316745600298,2481.2442783202105,3504.9173420552734,4693.225091432044,16.04164629280049,1.0,-2.2723594,1.3189931,0.23884451,-0.27809668,-524.4807,193.92224,-39.788986,-2.4385598,11.147319,3.4257905,-23.369104,-37.587086,-17.652102,-4.7172747,5.7546844,14.330626,-8.503172,144.84918188594398,149.19465734252228,7.712698466460166,7.547831773990765e-05,0.008465202525258064,-41.19886575821549,-40.76371884174102,-120.14793679797782,0.005308683252846568,3.56882386911962e-05,0.0006367148945254031,0.001048738598755192,0.0019101446835761975,0.024566857055313352,0.23716638284509606,0.010537172117224856,0.018497904132590465,0.03930851734621409,0.7017319224074714,1663.9754585204394,2452.1438212179078,3529.0512853512914,3554.105542149967,18.937277864062363,1.0,-2.3853552,1.6042665,0.017642856,-0.23266663,-557.01135,171.25389,-19.24408,37.602684,56.18504,36.623394,-13.275211,-36.957943,-17.833717,10.471249,-18.77565,-15.027837,-16.67073,155.1211261489573,160.92004675265662,10.33996261440896,0.00015574372082483023,0.011777357198297977,-38.06110018770913,-37.51155231160782,-69.42486854870131,0.006287010177480731,3.9265995406716394e-05,0.0009956035775708144,0.0013331442978760859,0.002986810732712431,0.02337033443703483,0.2550278645489839,0.008893869373601726,0.012943471413037377,0.02460231977738461,0.8746851165176188,358.50363053406596,1989.6220987975212,2520.296225493771,3455.929322019947,25.963044392151296,1.0,-2.3713923,1.6492285,-0.105902374,-0.17048144,-533.8408,192.21599,6.824311,24.051342,-21.189112,-44.095654,-33.02237,-6.687712,14.134897,-2.2843974,-4.668339,3.0624125,-7.513262,139.7753230107901,149.55959562154538,10.201738873884336,0.00020262158068362623,0.013258424587547779,-36.9129608412218,-36.33332687338908,-99.05138511934891,0.006059538795420923,4.072980270887032e-05,0.0007965385653552176,0.0012932154462798487,0.00238961569606564,0.028153105666111573,0.2819060123577828,0.009255017515728945,0.016119723984274473,0.0363326070676302,0.6485517329537582,1017.5121667038976,2538.5073388310448,3416.427429112295,4735.919306387593,23.118367193581335,1.0,-2.4074876,1.8912399,-0.5235943,0.04558755,-659.42584,177.08057,81.17027,64.550385,-5.1611767,0.6857113,-9.9733515,-42.01928,-9.470051,-2.740594,-2.0078967,1.8265432,-13.508306,150.98961189495014,157.34706923789543,8.325420564867713,8.713526767678559e-05,0.008946429006755352,-40.575747000848914,-40.576081627722964,-113.40235974814614,0.005138615703367478,3.276011571070913e-05,0.0007733798425266339,0.0011359450003947571,0.002320139527579897,0.031097345443609932,0.29577614206279956,0.009993208180241634,0.017152318747429184,0.03981182562644889,0.8449305286807959,654.3695467627474,2060.8187236531876,3321.8783095785434,4857.249089243045,28.988779043255253,1.0,-1.9629667,1.0612737,-0.21302332,0.11748147,0
59,AVPEPUDEAC0045a2.wav,-0.005587351283599591,0.8602018311508397,2037982.7279254715,0.09346120847720914,5676.915200385969,-0.0014374149407250351,1.3082366237105765,48884.75308415755,0.10300150342867345,2940.0664451224393,0.00023401213272147004,1.7053758587323824,12512.19315178439,0.10955084440717591,2776.337859422698,-0.003505302469559871,1.089330682977937,332063.85968504974,0.09837579631105182,6750.800386706292,-0.001913086166933205,1.5043644000595604,132.80460948882182,0.0967316087254158,2.2302365854859465,-478.1034,181.6816,-14.055296,-14.838141,-18.700989,-5.2577457,-32.607185,0.31006378,1.5289764,9.911352,-13.34934,-15.434406,1.5920616,127.62352819468546,129.7330079995563,5.497323243195094,8.46654293127358e-05,0.008848022669553757,-40.72191164490959,-41.1240204433787,-183.58709715678916,0.0031851798885112023,2.459071933604168e-05,0.000699338319691319,0.0015044810318824223,0.0020980149590739444,0.024804329070268447,0.27289962093737136,0.012539118326045347,0.018431081929740207,0.031572377204286184,0.7925894568510697,1158.8337340119115,2325.960359240035,3187.4588742457704,4832.1283731431995,16.95464190710715,1.0,-2.1101978,1.5886339,-0.74595124,0.2858443,-557.4582,149.49449,-3.1187048,14.410643,39.067863,45.378727,-6.1704903,-21.699532,-46.757366,2.818675,-16.485554,-6.8259697,-3.1139214,130.73641557182046,130.73641557182046,6.94187991457306,3.628927515819669e-05,0.005760433152318001,-44.40416319119991,-45.047080086670945,-116.02752584253078,0.004011995538896967,3.0761619129715505e-05,0.0008736480435885197,0.0014798283162556507,0.0026209441307655525,0.03422713708089566,0.31232952859136276,0.014571725505477487,0.020932916067427542,0.04257485849750018,0.91672350231281,1801.5451177912266,2227.136868954751,3034.8846744279754,4658.810550029165,18.962208881295673,1.0,-1.9001228,1.1742074,-0.5237323,0.26004794,-595.4107,127.48358,-3.8371022,40.4778,55.32807,51.54163,-3.3597856,-17.144821,-30.115002,9.882551,-1.4161665,-8.535492,-22.204338,130.74285012319967,131.66357441984195,7.67952617883069,2.5774028472369537e-05,0.004953738767653704,-45.879573380360384,-47.044211493152694,-68.89859458505713,0.0039501101180626315,3.0086538591221345e-05,0.0009745985524004207,0.0017023530343165836,0.0029237956572012763,0.023714942494247084,0.1951098225545138,0.012408273240770953,0.020484627049580643,0.03507540846166407,1.044812548135952,1949.038183982931,2291.4022690521265,3161.0943182984906,4275.07990137781,20.317177023433242,1.0,-1.9700929,1.3599864,-0.6404213,0.2571767,-581.22296,166.17502,53.108803,45.589756,-12.565204,-15.327179,-40.778645,-7.0737567,-13.869098,-0.45074704,-2.0745826,-2.4994984,5.4196596,127.60904658291501,129.54251698568646,4.668859961696274,4.543715112959035e-05,0.006497983820736408,-43.406319427331354,-44.465281338234064,-133.25263718349007,0.003709606271964188,2.866895608111042e-05,0.0008081348648569564,0.0015221585218101233,0.0024244045945708715,0.031191033459228957,0.30749503385203963,0.011116919821802011,0.02103989850745053,0.043181500343171524,0.8618856017986842,632.8004932247022,2945.1411810086083,3182.5156847934973,4853.468849723406,19.77568675980819,1.0,-1.8701625,1.3615782,-1.050859,0.56769514,-649.8935,154.78336,76.99936,63.512035,-5.233136,5.2950597,-11.423878,-15.875252,-16.749058,1.0191575,-1.4618207,-5.3252873,-6.81691,132.39101956413478,133.5945742874451,6.6450594056147025,3.8796726585133e-05,0.006015093065798283,-44.10857096245862,-45.112226747760765,-55.61220615535448,0.0044445488155382615,3.334048450242836e-05,0.0010133550691714672,0.0017159832735107966,0.0030400652075144225,0.028110106300455438,0.2721275360571272,0.011056953934418171,0.019921121683293744,0.04396010037086898,0.8736102471371529,530.3604844775955,2414.7853857556643,3806.222971751438,5187.524656937376,22.91217794612927,1.0,-1.8883198,1.3354199,-0.9666595,0.52387106,0
60,AVPEPUDEAC0045a3.wav,0.0010470011063305217,2.713560129277017,15.853965709135627,0.0905908671803907,0.3055833031421475,0.002778885611383125,3.03088889885764,31.2951644444461,0.11386342019492215,0.5928577000971973,-8.814482262009875e-05,1.7799960028116584,257.3417788347981,0.08273271115570499,5.591365790584611,-0.003924808983232816,1.0549885355903312,304807.3074849138,0.0943899456986681,4833.324905895473,0.00027967537346675606,2.3362900920744254,40.34726050983354,0.07028752898741718,0.6705674066803244,-467.89523,179.28506,-14.8888235,-2.3041742,-11.514054,-8.607305,-45.247314,-11.95988,-3.5265412,11.970174,-9.163945,-16.91969,-0.020664888,129.59487099009564,132.51806356881966,2.8831983724596,0.00012829927436541766,0.010775469243526459,-38.90209904468242,-38.39027522069757,-42.46515202598951,0.0028444629488574343,2.1475138491076748e-05,0.0006296760202909813,0.0012317546075440696,0.001889028060872943,0.020652532468682757,0.25557047359108614,0.007892476635148535,0.013221640632446685,0.023136404881320075,0.6794925478690013,1134.133286034012,2352.6367158420876,3296.2255622469793,4543.517950901231,17.900874122523625,1.0,-2.1503835,1.724115,-0.9012505,0.34214252,-506.1456,142.9239,-15.142835,22.82617,38.15197,42.426445,-23.425772,-21.20023,-46.92064,-4.450479,-15.884246,-13.784736,-10.291558,132.71944828469796,134.6429185496936,2.6287027647300576,0.00013072595174890012,0.010947607457637787,-38.81518210754057,-38.5175918919273,-185.7188884389057,0.003091026541285771,2.2965624590412642e-05,0.0006383786012104148,0.0012826498645837263,0.0019151358036312632,0.024743334918832863,0.26482728628359514,0.012479478992557726,0.01907447976564728,0.03435653250299095,0.7090744499515714,1846.4657635849917,2353.7083532927254,3056.264706615111,4526.054606206219,19.939638469463002,1.0,-1.985511,1.367624,-0.65991986,0.28682804,-608.8098,110.908,2.6520317,53.78372,59.662167,46.691296,-13.310445,-14.604163,-23.08407,5.812276,-10.381974,-11.595018,-20.829882,136.13926248221938,136.13926248221938,8.29620231290129,1.8900227587437257e-05,0.004177285358309746,-47.22993387558105,-48.24689008095206,-67.9703412229347,0.0052183496317151695,3.8457073243491494e-05,0.0012969855314494945,0.00210249383365606,0.0038909565943484733,0.02642748227663845,0.26449400978162885,0.011162887628648857,0.018736273236452255,0.03363404684602544,0.9726345688426365,2010.3781748617703,2546.865915953738,3152.84371532274,4408.363429639548,20.196124907421584,1.0,-1.8723545,1.2476795,-0.6498078,0.28065217,-584.9764,162.58153,67.320656,43.143925,-22.631454,-17.600554,-40.59949,-3.4290576,-22.391325,-9.496668,5.7461023,4.759536,0.3045056,128.74645177853094,130.85704934867078,2.94944013633074,4.579507731250487e-05,0.0066732801496982574,-43.39293282543905,-44.354469903563746,-267.3800040368778,0.002353395751810504,1.7993139334428346e-05,0.0006257400074308881,0.0012260758414564716,0.0018772200222926757,0.026260516999776683,0.24789020349271595,0.011948965320701683,0.017780374954921133,0.034896602522490945,0.8406051170044185,738.946717189002,2537.906438378344,3210.2080878113284,4899.3434730004265,20.314192323699995,1.0,-1.8312904,1.3731482,-1.1867025,0.6544907,-670.2428,145.53972,87.53728,68.493126,-3.9992208,2.15434,-14.989022,-20.22355,-19.248653,0.0011808715,-2.7118526,-6.505142,-11.015306,132.715479074864,134.68163432041754,4.278876479735109,3.101305992458947e-05,0.005391143728047609,-45.07750038186096,-46.0201389515629,-126.92837983795299,0.0025361960167175645,1.884829703764903e-05,0.0006631713471805362,0.0012270659050740611,0.001989514041541563,0.02081342460905517,0.22299820729253342,0.007339470783193134,0.01202680111364195,0.025700550269344376,0.7862575788004834,630.2577059369171,2256.979385086819,3794.0632603412446,5435.902943318538,26.133114370951322,1.0,-1.728491,1.0332028,-0.84266585,0.5433251,0
61,AVPEPUDEAC0046a1.wav,-0.010626966417107558,0.7388295977145412,2146057.030538069,0.0722966945678334,1989.3560000224772,0.00183729321767964,3.1197654469183362,27.929328072874092,0.08298493538063101,0.5948743351066023,0.0011507895268292108,2.6873448313544825,54.87137516475645,0.060355645804893554,1.0703741182472093,0.0029869182429736033,3.4387516998821313,21.08249779563041,0.11921720314558375,0.43641640694476885,0.0005392744005527748,2.2814791676747124,46.695481757967556,0.06311365733138705,1.1906857646680467,-578.8132,195.4097,2.4339225,14.675874,-15.600286,-40.91463,-18.909147,4.274066,-6.4679418,5.663251,-1.1497608,-8.90201,25.700788,127.00704010934929,131.29781849142188,7.495885726220688,5.025888458476402e-05,0.006781238131225109,-42.97854380161856,-42.70034568499201,-142.0092663113079,0.0037280860918906295,2.8468229865416197e-05,0.001440436709430036,0.002656433026531663,0.004321310128290105,0.02469503147125399,0.25536121130755096,0.010544846784112548,0.016393990106521605,0.033798388861603315,0.7521383762373492,681.5773763840434,1157.1858566563633,2706.046231087155,3883.316266605094,20.00831795155594,1.0,-2.2246335,1.437936,-0.16503593,-0.041757252,-561.9107,167.96541,-15.352882,47.287132,25.627798,10.403745,-28.760769,-56.573494,-23.216324,3.5630653,-13.546075,-10.527884,-11.430318,132.7157933422758,135.4616373424608,2.07360558710347,8.565670577809215e-05,0.008925811387598515,-40.659440233229276,-40.68449102704254,-276.0565305570706,0.0018173191257278964,1.341899002587233e-05,0.00043085600924153253,0.0007458663596544589,0.0012925680277245737,0.017047784935720112,0.24107366392046162,0.005749675612392853,0.009407614184090763,0.02186630106008956,0.6785869318054175,2000.307208674226,2676.3353203983925,3965.4467503028927,4923.725922143515,22.721620002083913,1.0,-2.5299013,2.340495,-1.0397367,0.2324703,-573.84375,108.91272,-30.610445,85.95761,41.636948,20.451626,-8.616975,-39.622658,-15.308811,3.2287822,-16.14296,-18.719614,-21.623304,136.1038970460376,138.35354823688124,1.824730391506954,2.237741500721313e-05,0.004652849398553371,-46.47319839756403,-46.76009924519148,-456.34045410494133,0.0016440637379182888,1.1885105161814317e-05,0.00038782672987238163,0.0007087793403629209,0.001163480189617161,0.0161296152218323,0.1708923831534714,0.007826831803095683,0.011421748900846195,0.019918602404438993,0.7909482341143748,327.0813266093851,2078.784193576361,2980.36518039534,4073.442525695789,21.15437919158445,1.0,-2.4503572,2.3730073,-1.1381512,0.21936476,-588.10596,184.58685,51.42164,58.832317,-2.4459586,-49.872078,-45.199493,-35.621902,-16.344486,-0.25163922,-2.813924,-10.524249,-1.7820457,129.57329872019335,133.01329780126045,1.370070978964603,0.0002297460159752518,0.014616750180721283,-36.37591106080671,-36.52247707140144,-289.767831720211,0.0015554421652961272,1.169515936689645e-05,0.00042269752921102237,0.0006114138659623628,0.0012680925876330745,0.019425791425263562,0.22116576106054708,0.0052139847501535275,0.0076957547432005636,0.01759680013776419,0.6395381605358745,738.0804261990743,2648.451154796196,4274.365293301966,4507.578033947744,26.80901885436059,1.0,-2.1126478,1.2732176,-0.18667889,0.03129107,-664.0661,168.77988,52.78583,57.817055,19.81975,-10.011745,-34.86441,-50.07434,-11.311589,4.751374,-9.776788,-21.7556,0.29095373,139.77135278837792,139.77135278837792,2.016108965242065,3.8497331843245775e-05,0.005960532464087009,-44.134395787311504,-44.50273828850909,-439.6638787569904,0.002164716170616401,1.5490807178411085e-05,0.0004083110822237863,0.0007753627826893924,0.0012249332466713395,0.027769283669687422,0.34801357571887687,0.008546143367957816,0.016629761943748697,0.0344087954819866,0.7231489338275155,679.4061345247051,2565.1539747873717,2624.3951309838317,4498.1196974620325,25.941329416841477,1.0,-1.9155321,0.66108954,0.45152286,-0.19338846,0
62,AVPEPUDEAC0046a2.wav,0.0030815241782674754,4.281074161954835,13.674528473471447,0.09560317247654013,0.22461713018711607,0.001772257290278081,2.7427006985282896,36.26908217092834,0.078724323701265,1.016157930179671,0.00167658230601181,2.724872171955233,55.56055610993217,0.07645044323721469,1.1187699188753366,0.0020532463019465354,2.93106912041598,26.818831271025378,0.0994205768290524,0.71576539806075,0.0001501119566073544,2.1374861115882133,42.927163862363116,0.0632386626257857,1.033155689258234,-522.56085,198.20941,-7.316596,20.389591,-19.872213,-48.873096,-24.629826,0.10389622,-13.706023,5.6026034,2.1358054,-17.424059,12.35082,130.68289201661344,133.17208995978703,1.9123376275528705,0.00019341686856932938,0.01335287094116211,-37.113763493827115,-36.77225317632815,-654.8124468245342,0.001579748089231968,1.1864904306099364e-05,0.0003154530554766789,0.0005890993485116985,0.0009463591664300256,0.01957968408724194,0.27231952671382503,0.007127091024371885,0.009813173200012874,0.020318594521631494,0.6264062473836517,0.0,665.5024723616117,1094.9601264498983,2731.0775698332295,24.226269456084733,1.0,-2.5682306,2.4098687,-1.0817891,0.24639037,-542.7156,157.86153,-31.918453,50.950424,28.231392,23.439013,-19.976042,-64.0295,-30.9384,-4.6412706,-12.098998,-8.399695,-14.58082,136.4776224669663,137.77740934760405,1.4109755514477353,8.132465154631063e-05,0.008892574347555637,-40.87840585549279,-41.282989151046245,-886.9047756291573,0.0014926390457616712,1.0834856011425744e-05,0.00026948290077619374,0.0005710488321485441,0.0008084487023285602,0.01676096691620598,0.19603014360769716,0.006397330433190313,0.009370288969999748,0.017307063582648788,0.6656205478743945,445.3479398168228,1941.9418952783137,2604.6751129254662,4286.132285724254,23.884611911437812,1.0,-2.6958985,2.7577975,-1.3587711,0.30059138,-573.09625,113.44623,-41.37737,81.842476,47.368534,30.889374,-5.9937096,-41.035515,-18.792934,-1.5741255,-12.262112,-20.815493,-11.870027,137.58365558670178,140.3353286984358,1.3348312619932097,3.697884676512331e-05,0.0059378426522016525,-44.32009271080662,-44.194157174863044,-711.3079084464235,0.0012470497091988115,8.887030698823019e-06,0.00031092920415752036,0.0005525814980499423,0.0009327876124725364,0.016338550683082237,0.16715984896053465,0.007056124582432273,0.01001561267539403,0.018917471654513424,0.7972522632093596,296.64603765821346,2098.05236664811,2782.9416164695986,3952.0848210094873,23.076616415504706,1.0,-2.6851187,2.8466632,-1.4911702,0.3337379,-599.29675,172.59668,41.71715,63.39565,1.5897746,-42.77503,-39.85597,-33.937397,-18.141863,-12.480513,-8.481585,-7.1106324,0.18979861,130.53752158503104,136.09230973758557,2.499251752320598,0.00015968717343639582,0.011964350007474422,-37.94716121368816,-38.24621620807634,-189.62341630411962,0.0022205836492650275,1.63223863406054e-05,0.0004849314126603563,0.000707136045736358,0.0014547942379810651,0.01819477977579091,0.2824662583525819,0.006446259229618337,0.011283982430934439,0.023017738558565502,0.6459637296938016,692.1419816545003,2651.694883878547,4295.736295155456,4309.490448357339,24.321049455143953,1.0,-2.1778378,1.4212652,-0.2825621,0.043850888,-645.76245,171.16956,50.940765,62.27537,14.144094,-10.535653,-34.3683,-51.82062,-12.194332,10.123835,-3.2355773,-18.425102,-0.5535132,134.7770196494089,141.77842326756,1.321849568899885,3.8143574784044176e-05,0.006052542012184858,-44.15209640432763,-44.6787690984046,-479.4342789055172,0.0017338036203434239,1.2230049221164743e-05,0.0003594763352541136,0.0007530937241731792,0.0010784290057622998,0.01881878217355409,0.19830483657618364,0.008334613590100166,0.011724123215823222,0.02190098978019067,0.7203428603658983,694.3187174163967,2564.909044633916,2595.6176626938886,4528.630650570702,22.131989666981998,1.0,-2.0151002,1.0293449,0.018368464,-0.028116941,0
63,AVPEPUDEAC0046a3.wav,0.003462226196704211,3.8971217199175108,15.356353857668712,0.09254376917296857,0.3682606645266794,0.0019109850736596988,2.882235014795324,32.876584599388494,0.07286061792357433,0.8204019914873758,0.0013524205911594799,2.5239771505349458,52.73205877459626,0.060752233194980354,0.8600944418495685,0.0017482588100162007,3.0060414399625275,22.294962252658866,0.07676925315642762,0.6215142149743954,2.8697367985694094e-05,2.0356237618542536,52.40291973324231,0.049805168501374154,1.0383058906474447,-512.7417,197.71239,-11.680494,20.705236,-24.738297,-58.87074,-26.707514,-4.125346,-12.852428,9.979897,-5.1577907,-21.36019,10.200585,133.6096743189972,134.98709364187346,1.7207169950677588,0.0002405727718723938,0.015091207809746265,-36.181729399820185,-36.03498828810357,-529.9289741015751,0.0012087941974319404,8.956345890150186e-06,0.0003275049027683333,0.0005248979683583913,0.0009825147083049937,0.018234130844077902,0.24676530151995585,0.0050926840179109385,0.007451691963928956,0.01419432962281772,0.5822381924204675,667.6785201028534,1082.1505865517152,2743.5717305350745,3981.4477909088123,24.796324480066225,1.0,-2.6230733,2.5262058,-1.1501758,0.25321576,-547.9331,154.09628,-27.481474,39.450275,27.177486,33.767853,-20.229902,-64.678986,-35.244823,-5.842676,-10.0304985,-4.385337,-8.750333,140.4249162803189,141.62512923997974,1.3102788371020102,6.878514250274748e-05,0.008042953908443451,-41.61375601166837,-41.80108119107592,-190.7356449523252,0.0016901769278932631,1.1935181744562464e-05,0.0004972025271590718,0.0009534020449773141,0.0014916075814772399,0.021166629810380262,0.2794495291967431,0.008674663336857794,0.013321592812376229,0.026956302943123685,0.6737843139678849,453.8742751167243,1894.896763379787,2531.1947490211355,4027.3155038959235,22.02229740338368,1.0,-2.5750546,2.4448645,-1.0869099,0.22155617,-550.17834,107.128174,-48.54069,87.3753,40.959343,27.435202,-11.400708,-39.93333,-17.552912,4.0974536,-5.8100877,-18.306963,-12.477375,146.0498129788604,146.0498129788604,1.9840275058208683,2.1517593268072233e-05,0.004573629703372717,-46.68276346314678,-46.683739143913975,-118.0493201885595,0.0023361129971204504,1.5998139132623915e-05,0.0006267981441672233,0.0010843288307025472,0.0018803944325016572,0.02023348200931377,0.22886392208747566,0.00942687817261265,0.015104365586610687,0.021885693258338168,0.8232493799704786,2063.572839325231,2740.4098863607232,3729.0984983645953,4794.184089654895,20.21612375576607,1.0,-2.6959572,2.9819252,-1.6711237,0.39262655,-598.8114,173.67067,34.22501,58.6686,2.9593785,-40.079197,-44.948166,-30.00904,-22.073603,-8.879046,-3.408216,1.4651358,2.5355186,138.69785375142774,142.60483554724263,2.1832755248838818,0.0001186484150821343,0.010654240846633911,-39.235388725653614,-39.35363755450236,-951.2302384864636,0.001755322330916125,1.231192734400442e-05,0.0003654293662326048,0.0006580149108658796,0.0010962880986977999,0.017923239703120236,0.2514672405052714,0.007306124925852999,0.01075378153248692,0.01799886655663032,0.6099822709762852,460.76897902626683,704.5709350671516,2685.279053573278,4198.937756776458,22.667348776834007,1.0,-2.1551077,1.437158,-0.3788224,0.103503205,-671.5857,163.89668,52.751457,55.62177,15.726066,-11.734748,-28.002989,-43.457405,-14.337947,2.0697474,-6.6615868,-15.711947,0.3846024,145.04885364392092,146.81774210299312,2.467661163974015,1.6782652892288752e-05,0.00399366719648242,-47.72564501108044,-48.04518054120997,-156.94877348344113,0.0025894328343564308,1.764207250192586e-05,0.0005626968754922883,0.0010972896456389633,0.0016880906264768072,0.023867544833895898,0.3022355312714353,0.008637956110227236,0.012910012200955867,0.029678085501709327,0.7832852079287836,323.13287432611924,683.558675708726,2559.6523691285433,3578.7372341338037,22.97338926969418,1.0,-1.840262,0.6324316,0.30281997,-0.09098262,0
64,AVPEPUDEAC0047a2.wav,0.0008302965574225415,2.6346033304554637,10.083088531699854,0.18019067472628228,0.28778862773850256,0.016104980288814463,2.991162584699056,26.845052842230583,0.2471685286116194,0.7385841434086851,0.017657516188315556,2.9134422352212566,43.24906973795813,0.3013763660934939,1.0087098578592946,0.0033706163872893307,2.452185688392307,37.490785067567245,0.2283260116446152,1.0410645205795355,0.0067608664189961875,2.7055392971334244,45.92827516939874,0.40754671933524245,1.2567620449428984,-345.0817,179.42113,-78.6487,-21.836445,-20.055868,-13.302949,-12.871362,14.692899,-2.6635795,2.5514097,-12.5273485,0.3190368,-18.005625,149.83572783422565,158.0943899983168,9.848488983962053,0.0010971478186547756,0.03174757584929466,-29.574907012821047,-28.465655260335677,-36.02255860850152,0.004168535719281837,2.6492710857269265e-05,0.000725331164340991,0.001310624761526618,0.002175993493022948,0.022305194249909625,0.22578005237700116,0.010141836132261061,0.01693785098516067,0.029948377145996744,0.6356059413038404,925.8700488544969,1322.6625650018325,2401.8142554000874,3541.8973074379346,16.489714991538236,1.0,-2.648807,2.620238,-1.1883184,0.23098928,-347.62506,116.999855,-79.9352,42.98169,36.85858,9.147455,-59.914715,-26.6436,-25.271711,-9.938706,-21.702509,-10.106715,-5.9779487,157.03904384002217,165.43044312918366,8.769912155094534,0.0014177709817886353,0.035793423652648926,-28.46589844570763,-26.949400759282202,-58.589509788607025,0.0055038639249570115,3.3377672873693344e-05,0.0011414406126510903,0.0019023173930377128,0.003424321837953279,0.0314839362372383,0.30637520710115496,0.014702890148866244,0.023420962945064547,0.04344216726927725,0.6201682603675003,506.81246413688126,2216.225243320019,2820.9946264083924,3505.7504563368493,14.59776610631384,1.0,-2.6763303,2.6669068,-1.1344547,0.15668887,-351.9262,84.646576,-68.52256,64.207504,50.04049,2.655274,-43.85851,-15.894228,-23.9335,-1.6327641,-41.704147,-8.069632,-15.352908,165.38905440590136,171.45837750336563,12.941053714661194,0.0012143021449446678,0.03320387750864029,-29.152916844510557,-27.53601071165262,-41.19959435151247,0.006763626987662517,3.9733137765014024e-05,0.0013346430144923732,0.0015996270284498945,0.004003929043477103,0.03206520644898296,0.3408705899992383,0.015633295867194127,0.02611482094288546,0.04681141985922364,0.7037984305238327,367.4072764140933,2411.0758058509787,2906.5424564251844,3282.1541695952337,13.098823161723123,1.0,-2.3449166,1.9972805,-0.6409209,0.012231515,-427.33868,135.56335,-3.704272,60.846542,-17.470308,-32.633423,-38.633495,-18.435774,-18.3255,9.363558,-26.559656,-4.923163,-12.358832,163.76906188107793,173.18107693171459,17.97460063524488,0.0006635879981331527,0.024518152698874474,-31.750966453808267,-31.254783231946,-42.56589959279515,0.010351293636175507,6.052276035672934e-05,0.0014955319097330387,0.0021201878102328642,0.004486595729199098,0.03222337429392446,0.307068592923529,0.01416836632405947,0.023806306598573034,0.043761493801942206,0.674906562998342,2479.1460668433274,3433.6928000004186,3583.282539382439,4500.322081092344,18.162307012891127,1.0,-2.5078986,2.5714312,-1.4116449,0.35354218,-428.90314,126.90576,10.640359,61.19779,-12.450486,-30.019646,-30.045422,-10.918305,-15.070342,3.8954148,-22.306368,-10.445616,-4.796837,171.5652110047608,173.5372249243557,12.570014005680461,0.0016316372202709317,0.037814732640981674,-27.85623915945589,-27.696912127704376,-51.791825841567714,0.007981406688018975,4.627602546748215e-05,0.0013955350841377248,0.0023969131341897818,0.004186605252413194,0.022939736699668294,0.287498008541982,0.010161015892906099,0.01573111703516025,0.02630660689580165,0.7087001217849036,797.1575822526183,2559.247013466064,3515.848692752777,4504.896472956517,24.848340124294047,1.0,-2.382948,2.2614863,-1.2556806,0.38049245,0
65,AVPEPUDEAC0047a3.wav,0.005112388304322916,3.3552738161390643,9.150376355541749,0.1826647785304303,0.21975997564796876,0.019920249936447455,2.659525259352982,26.494461265528102,0.22238764511583514,0.832405063982586,0.018810696695877243,2.92407013989547,44.02976605012628,0.2787866633740897,1.0301814092733417,0.0039653483877482515,2.5766596218504576,36.62267458350269,0.24089958101165865,0.9015350565386132,0.00873731172041491,2.839423295310028,41.285976526800674,0.47192017951268683,1.0504863253891088,-350.18918,182.03444,-76.514366,-28.437998,-18.784386,-13.43084,-12.192984,17.520798,-0.9379607,-2.689001,-15.167496,0.31575707,-18.640963,142.75986463567023,160.2406643869768,12.470350492743982,0.0012687534326687455,0.03364033252000809,-28.95315004092398,-27.887995400267993,-23.525269481135876,0.005315558003124657,3.3423347359103424e-05,0.0009076965480015512,0.0014479517390740058,0.0027230896440046423,0.01937578124511993,0.1798326301468478,0.009932010784438332,0.014010652035340623,0.02317143357054818,0.6259160366200704,1259.9124210869018,2382.619500906219,3585.2997813498278,4154.445256575794,15.543377966623229,1.0,-2.6284828,2.5325055,-1.0785695,0.18869714,-337.3374,117.50904,-84.45681,24.756655,32.63003,6.064804,-60.230766,-28.895836,-22.559137,-14.252231,-9.928362,-2.4938145,-16.08488,150.6548789463939,168.2847052060783,12.530968424618216,0.0016688699834048748,0.03804288059473038,-27.7506150184551,-25.30299366173237,-29.542289126727578,0.0050537531683394876,3.023171234874993e-05,0.0008776931774193551,0.0010188419293269628,0.0026330795322581143,0.03990505129451374,0.3856486105615949,0.020767868508632988,0.03078764551209053,0.054602819507859904,0.6013612790668103,530.6033168001134,2142.2027025626726,2756.755395706148,3466.348771747688,13.853457840325012,1.0,-2.6669195,2.607029,-1.033886,0.111279204,-357.06055,87.71428,-67.601074,66.77466,50.97018,0.6899611,-39.543503,-17.41677,-16.097202,-6.516215,-40.409584,-8.728425,-9.806771,160.7968921389185,170.25553285297258,13.47944933156972,0.001137496205046773,0.031736552715301514,-29.416041696052318,-27.16800707490519,-75.06985317291827,0.008538397504959723,5.052283472749616e-05,0.0012237143956918702,0.001723110263040729,0.0036711431870755876,0.04204749615976583,0.3949565120063812,0.020519907262273946,0.03383710213131755,0.05816291945031624,0.7049602837565251,2428.4848295259553,3032.1487877193663,3396.9141635304927,4872.565417775845,12.514307588172217,1.0,-2.5910199,2.5845847,-1.1286786,0.15724227,-426.59814,136.59746,-3.106956,61.01508,-11.287256,-36.42786,-35.622787,-14.64039,-20.841871,12.6282835,-25.527594,-4.5652685,-8.111964,163.20462260532815,171.16582370802706,16.71968015918285,0.0006544734351336956,0.02436124160885811,-31.821130437546184,-31.421762602195223,-15.177727920569474,0.009727595639353848,5.7488517812974766e-05,0.0015108596506297448,0.0022895271940340843,0.004532578951889214,0.027828153689103893,0.2959172179325833,0.01123324518984543,0.018079758226266427,0.02971500948406451,0.6952878858158182,2512.972513911911,3441.1191880398,4508.013267759303,5133.983098076673,18.55239360611056,1.0,-2.418714,2.3267791,-1.142164,0.239053,-423.88354,126.81117,16.479166,58.4455,-18.680367,-23.808624,-25.415482,-15.005195,-15.771615,3.975108,-20.828823,-10.991899,-5.284161,166.93113300133274,173.35156119369165,18.063909917676654,0.0022508478723466396,0.043085236102342606,-26.476625804544142,-25.773389255109095,-10.964543842755218,0.00992589444324046,5.807076368374723e-05,0.0013504398070844814,0.001964046056318029,0.004051319421253439,0.025948727977888424,0.3320199728320428,0.010462105295683161,0.017518535768397316,0.023368526757325585,0.6928475183270173,806.2215537896483,2528.8046863475665,3405.867184403245,4408.581259716976,23.74999312694995,1.0,-2.4009144,2.355336,-1.401841,0.45090798,0
66,AVPEPUDEAC0048a1.wav,-0.006647548883122656,0.968658992225229,45.37181548598084,0.03910137211610213,1.3883310633447585,-0.0015594855889652659,1.6574209833524596,65.7149974026522,0.12175619965185387,1.4390362107829544,0.0007697734177378603,2.0140659893191,103.14018976917323,0.06258403471925184,2.0089172079276127,-0.0014521008012397959,1.7725826391204833,48.82096072222511,0.09287674200522503,1.1078687441343003,-7.110381701614995e-05,1.963759049568878,57.05485139524237,0.04850552661158584,1.2035043351129626,-579.71423,199.3558,-28.257805,-17.97273,-8.741605,-31.663431,-5.017195,1.3392559,-16.392038,15.827205,10.620836,-7.2345095,9.93902,143.12422331226279,147.84260430057913,2.8252067784108488,2.525180025259033e-05,0.004697178490459919,-45.98258169693254,-45.44801405879634,-401.862872879999,0.002546618633014361,1.7231553982004585e-05,0.0005156822685247882,0.0009626452586320664,0.0015470468055743746,0.02715238448327353,0.30004585658510524,0.013097192543996536,0.01990658014609423,0.03725016696465735,0.6833378097183546,756.9466837832172,1289.1828773461275,2333.0104404098965,3663.5626931868146,18.579258036746957,1.0,-2.1971512,1.1945233,0.25503612,-0.24583404,-552.22034,173.58302,-41.93235,20.149218,64.483406,20.842842,-28.24229,-43.549892,-18.885105,-4.394514,-11.754644,-4.936203,-13.297903,158.14251422210512,159.919396404376,5.459191240402233,0.00011629631626419723,0.009325627237558365,-39.32316067818514,-38.583372719713864,-327.8252335714322,0.002321730476229275,1.453496587629067e-05,0.0005437029386288913,0.000956862255381007,0.00163110881588665,0.03726042710716668,0.37694354842004807,0.013991951199270311,0.02007293910703227,0.050239457759172386,0.7529980737656194,483.20668581117707,2035.4188694374416,2492.385802805612,3473.649609481567,20.47326348363541,1.0,-2.6868722,2.359922,-0.5761322,-0.09554561,-631.7744,114.441696,-45.27021,72.94366,80.94047,17.162292,-10.870496,-23.211973,-2.2401876,-1.3361127,-17.05655,-11.384156,-15.826856,171.48397074379747,171.48397074379747,4.765306913972491,1.7922764527611434e-05,0.00407116673886776,-47.467716115001394,-48.01788923805986,-178.24363747532064,0.0026090648025253863,1.5226734072552655e-05,0.0007410828182407178,0.0011942620230331522,0.0022232484547221464,0.02932793527591042,0.3539269322428448,0.011740432251797855,0.018042507367972044,0.030798600506088618,0.8763096951965199,343.0814693095325,2275.5050658991786,2799.0414488441734,3680.7148206905226,19.410002507111706,1.0,-2.4751568,1.9208226,-0.23475075,-0.20828196,-641.9527,200.19902,49.218357,25.325882,2.2122717,-14.034095,-19.159065,-44.324673,-14.145934,17.255718,-10.164656,-6.2002535,-0.23156865,163.42671194174022,165.76137925519365,2.8478962837427533,7.480751810362563e-05,0.008547012694180012,-41.242148024203765,-42.122932634961316,-278.97728623470226,0.002862129944733845,1.7271734550622233e-05,0.0005621347114461865,0.0011167039742947134,0.001686404134338566,0.026023380709081858,0.2614874389036086,0.007997120811345472,0.014836374347407998,0.02943733561465517,0.7270222635088351,467.84795568809415,805.0306746372681,2247.4792055526177,3598.5335938926833,26.239854157210946,1.0,-1.9230562,0.5795067,0.6304182,-0.28313127,-717.6516,147.57953,60.694668,45.445858,19.373514,-1.3521397,-20.379017,-34.85587,-7.706913,-3.777029,-3.3168135,7.366926,-9.993063,181.08209500468607,181.08209500468607,14.0020286508782,1.663229886617046e-05,0.0038589935284107924,-47.76941558088194,-48.31757640579642,-43.159858091992916,0.007135263460000736,3.9667511281528865e-05,0.0017187177552830959,0.002951764256642384,0.005156153265849257,0.040274263125674815,0.38343202319736475,0.013605272026038463,0.02574059878873458,0.059553266331041986,0.7695329699548231,740.8985392951121,2169.7161288220946,3621.5511545891272,4184.940205522924,21.765946177012545,1.0,-1.47895,-0.04768326,0.5597231,-0.02736253,0
67,AVPEPUDEAC0048a2.wav,-0.014875454449504982,0.7429395846762585,273.0540803117571,0.05265701072146749,4.974663274306287,-0.0023425894570920434,1.2894927501491567,463.17291112393684,0.08108050635733245,10.466175035492215,0.0015502038272128117,2.4374266408349476,54.63838070828358,0.07668363567568526,1.080165557667325,-0.0031034723828170436,1.5335131397060633,62.08195372804458,0.10778529060802829,1.384772248278636,0.00027442047029082315,2.241654181850548,51.178674080408044,0.044284025419396245,1.1369315641714124,-535.3145,200.76671,-54.234505,-21.001799,-6.0314045,-29.47845,0.44809228,2.169813,-28.769768,18.266848,9.295059,-5.882774,6.9714084,149.05799818522567,151.17229603182466,6.4030455753118005,5.7544559240341187e-05,0.007151742000132799,-42.37756219097974,-42.6146613641625,-89.28306493890751,0.003243661170530428,2.1499522556279062e-05,0.00072458072666399,0.0012869164871468952,0.00217374217999197,0.0189747084180104,0.16824765573088213,0.008572102765978458,0.013554644175350598,0.026808613616688584,0.6606006350174174,761.153405041662,1385.92470343894,2290.276322854166,3753.2095469611127,20.69257727221027,1.0,-2.733095,2.6589007,-1.0546963,0.13467304,-586.18713,167.42322,-28.980421,20.501085,47.774044,20.891094,-13.797741,-46.094604,-29.162008,4.7315717,-10.198928,-8.304805,-7.0486317,154.1412690643128,154.1412690643128,9.255605684393418,4.117872231290676e-05,0.005096043460071087,-43.836654377545194,-47.30314806828475,-83.60119282587716,0.004303106798958955,2.8024074124893487e-05,0.000942657766142208,0.0015820896982254439,0.0028279732984266134,0.043994769065497694,0.3563717372890096,0.020815229369520433,0.03189395717617519,0.05383758726648381,0.807697257292759,481.76363452317923,2007.2641418449202,2406.0086968729693,3534.412200928732,16.117632703268676,1.0,-2.3824425,1.4963062,0.2560441,-0.3683134,-601.8808,113.79815,-46.427063,62.289757,74.246605,19.152313,-10.972579,-30.619642,-4.642793,3.355647,-21.61182,-15.599019,-17.883924,170.99962982461415,172.40126613465193,8.645726353111922,4.0325860027223825e-05,0.005654529668390751,-43.94265595060527,-44.99513235184681,-11.952226464376183,0.008695188589158626,5.0583423221848084e-05,0.0037365651623407973,0.005025885479526257,0.01120969548702238,0.03952272191222519,0.34806510429674137,0.01527512561109385,0.024611893925163157,0.04809869890682366,0.8008170910986692,350.6269791593341,2255.957634861899,2620.5419323092233,3466.32752778239,19.646030229836704,1.0,-2.716684,2.595411,-0.9076142,0.031253632,-606.03235,187.668,31.421356,22.415388,11.668922,-15.483844,-28.328712,-35.937057,-7.4620204,13.082054,-9.331556,-7.084125,-0.62608314,158.42418480448643,163.4535240046288,13.032150081790316,9.758574014995247e-05,0.009184150025248528,-40.081644484443764,-40.979496768206104,-48.024074034233095,0.007054733168151984,4.349702724084253e-05,0.002083012258804213,0.0030743940224774438,0.006249036776412603,0.026631039685310567,0.3286423725577647,0.009951698679470293,0.017026749921202712,0.03866852852905284,0.7409772661888044,779.3547346622626,2287.0738707859286,3300.5826343530453,3894.2469699716607,24.675897066877045,1.0,-2.390101,1.7992903,-0.39551637,-0.010604213,-729.1762,150.0074,68.831215,42.952785,24.24679,-0.6063685,-21.384193,-32.72955,-15.5615,-5.66547,-0.17557575,2.6992052,-10.049077,172.6975255229266,175.1823820052709,14.31485434618611,1.4950257536838762e-05,0.003703502006828785,-48.250283478726544,-49.28274477007323,-24.555673106876572,0.006803661017218922,3.918094681663599e-05,0.0023613989820296197,0.003369797070032685,0.007084196946088853,0.03274160672391894,0.29469769429210024,0.014214731503861306,0.024650977688420055,0.04461794030364311,0.7679569329336794,725.9316753617152,2194.303610264599,3654.139043821366,4422.697375795298,25.863004962481106,1.0,-1.3258722,-0.5829869,1.1604335,-0.24673223,0
68,AVPEPUDEAC0048a3.wav,-0.004166194900833772,0.8235105048840867,1570093.0468195695,0.04304144895109141,3847.8782581719724,0.0008161648882940087,2.0967403891399266,40.89882172560612,0.04778731336119741,0.8964812398330493,0.0015706132151961068,1.9701825312783117,117.78554608982182,0.0450323956628508,2.448573349367193,1.157064321054494e-05,2.007799454856962,50.62124408537715,0.06722396703094015,1.291906825950765,0.00018000510721425886,1.988783261227597,143.11522385040033,0.09475527692609392,3.890751690401041,-565.2736,189.97607,-40.79551,-20.783699,-4.0796995,-15.053353,10.028256,-1.1948363,-27.031305,16.690874,9.764919,-4.601376,11.00086,149.85988886120074,152.1478260957229,7.2553309907046035,2.288068390043918e-05,0.004345590714365244,-46.40199559313858,-47.75965054830943,-94.4895079210892,0.003916050128642668,2.5807743600947458e-05,0.0007969722503586902,0.0015590956951045012,0.0023909167510760524,0.029428640114104336,0.2841414200106206,0.012473930223864109,0.019169002878765662,0.03849778664446776,0.7497514668823204,753.3230803418429,1417.0969318775499,2315.1162606716866,3815.587174689828,18.466152553299413,1.0,-2.363563,1.6295736,-0.0834046,-0.17533785,-589.48004,138.27719,-53.717823,47.019127,56.010334,14.977467,-9.620312,-45.754025,-33.987034,10.227942,-12.459079,-23.632849,-12.879945,166.60264372637192,169.80654072110985,11.394679721868696,2.442415825498756e-05,0.004691503942012787,-46.10488287125421,-46.25188524391971,-52.163308540296775,0.005987871255127791,3.545327963121106e-05,0.0015228007684470373,0.00264977988183649,0.004568402305341132,0.04016194637530527,0.41569452602690193,0.015913664155932195,0.02544160419295498,0.046632515108480654,0.7239444802067136,0.0,497.70012192184583,2094.202437317112,2561.2330133550536,18.159338836434905,1.0,-2.7328756,2.6745787,-1.0128316,0.07539719,-615.23145,101.72358,-58.164497,74.8046,62.86445,10.295806,-6.194284,-29.08971,-6.0692506,10.855232,-10.572711,-17.4842,-18.718426,182.08883244772858,183.6585637619331,17.812147405581236,1.307707316300366e-05,0.0033602651674300432,-48.82700287167629,-48.36551045229464,-28.853671996382666,0.005735408188335371,3.160399357249664e-05,0.0018561343121441868,0.0026322425634764473,0.00556840293643257,0.02927248388339706,0.29937507950276004,0.014251722944600913,0.02203147340992624,0.042974633431355685,0.8691402086686995,319.29981236013197,2283.4973390307346,2670.811850999994,4163.803639626408,16.269560828071,1.0,-2.8072758,2.9878001,-1.3750472,0.20431717,-671.74506,163.37062,40.22427,32.79538,-4.8782544,-21.605316,-21.599413,-39.629112,-10.41052,13.715839,-10.327326,-7.5551453,5.00686,187.94380533522863,195.72079038358285,11.552802941605222,4.3763247958850116e-05,0.005614802706986666,-43.58594017171019,-45.098010031016344,-57.43529812038147,0.004067409130293827,2.0860490574366774e-05,0.001051972486056912,0.002008657319448151,0.0031559174581707265,0.02824034504381035,0.2762900599676262,0.009683710547396139,0.01878115598035193,0.04198605834188622,0.7180657534169381,807.3297204747788,2266.624974192505,3416.2324865179444,5197.732615061831,24.063669601674697,1.0,-2.243084,1.3875508,-0.012387216,-0.12897472,-706.69556,136.77444,53.886673,56.017647,24.357742,5.8663087,-11.545207,-32.60892,-4.7253013,-0.667292,-13.670643,-1.6546386,-7.3232985,192.83991576250705,195.82968189835992,18.98876766229265,3.96991781599354e-05,0.005654636304825544,-44.00952834469135,-44.48001400952178,-63.273236867069485,0.0062782952253367256,3.2459088625145344e-05,0.001618662470830749,0.002705267438946663,0.004855987412492262,0.02784029962657241,0.29299512424865576,0.009823879144006719,0.015095943106862119,0.03329767727365848,0.8465034129741904,451.575716186773,2242.600276349964,3224.457158420341,3672.272860712348,27.043802421580004,1.0,-1.6110046,0.007549144,0.835042,-0.22945088,0
69,AVPEPUDEAC0051a1.wav,-0.010088119043485416,0.7679222409773232,148.9027633967921,0.04611771408469167,2.863633347298912,0.0008229965304358967,2.5345493429691133,34.46493497401731,0.054404785797187126,0.5245899544240553,0.0012899449984480876,2.3838086435623493,77.86501318355918,0.07019523057476446,1.2122844376617294,-0.0005970005633939404,1.8185235998368972,46.6809017401039,0.0601549305619883,0.8568703627124358,0.00035224977090512886,2.1903658112001447,65.53679751993306,0.07728848475503294,1.0184181262958616,-515.73016,226.35028,-46.365234,-14.076181,17.911142,-30.484407,-42.726627,30.2647,15.779104,-32.379517,6.3999925,-3.374325,-14.365377,110.73174522426109,111.57062208202065,0.9937381878513799,3.634327003965154e-05,0.005966474302113056,-44.38426169175558,-44.17641697681646,-1087.7767349897072,0.0013936724055013568,1.2492387484441307e-05,0.00030404924970185064,0.0005912393502165486,0.0009121477491055682,0.01606611347544235,0.1466589069983005,0.007793512247826266,0.011853357367509797,0.025926984926973446,0.7019518209349898,1155.1308000622457,2370.845418264274,3271.361885905389,3792.512279197849,15.682668407632695,1.0,-2.8967166,3.0788329,-1.3551018,0.17698324,-557.4166,161.94344,-33.38592,33.520554,69.00704,34.699036,-27.231201,-11.449778,-7.366105,-34.42865,-8.260531,2.5647357,-36.81783,110.15013131550218,111.03843882611108,1.079818364459617,2.051706542260945e-05,0.004491043277084827,-46.863721674806165,-46.944766171351425,-162.43007576471553,0.0017539396572562541,1.5797307893919014e-05,0.0003804477366685914,0.0006593500806923457,0.001141343210005752,0.016917777187120907,0.1866500723923816,0.007360953223489936,0.011769158635658906,0.019930277762874468,0.7779947481303064,1824.1817810585353,2465.2705082056145,3269.308590457456,3938.886468593807,18.878194989798143,1.0,-2.3983896,1.9082664,-0.43655932,-0.0688615,-577.7171,124.29606,-34.906673,59.813847,73.71506,44.824085,-20.36539,-9.129142,16.755392,-8.053502,8.497971,-15.890254,-39.92827,112.12576801741201,113.08410791499674,1.6686849927707124,1.9388840883038938e-05,0.0043559386394917965,-47.1268675666155,-47.45160640899217,-197.53840959332538,0.0016903791677962876,1.4951247683029719e-05,0.0004289894993843649,0.0007531182287478038,0.0012869684981530538,0.0231823856755872,0.21789906354135144,0.00955917777668534,0.015573535406502482,0.031164275759689282,0.9100014011705599,2124.349925538303,2571.2604734975343,3890.1207892477523,3984.958776230282,18.85011235722018,1.0,-2.526022,2.3074749,-0.79967886,0.023522595,-584.186,195.1303,16.851084,46.41515,26.15762,-27.29183,-46.99875,-3.0039763,16.9937,-13.704426,-4.6161184,2.6143553,-28.852156,110.22998059369773,112.6262845196477,0.9566794996844117,2.449826934025623e-05,0.004876785445958376,-46.09426647456209,-46.68700536881916,-708.1069375624056,0.001145586432397855,1.0172316414426024e-05,0.0002465568616847856,0.00047504554118206623,0.000739670585054325,0.011451388970760014,0.1093620014794664,0.00485265939912624,0.007898050776718917,0.014533587690464417,0.7937021738662379,763.076339497478,2442.9410654118938,3440.485255965083,3915.527415095827,25.10973411859818,1.0,-2.3483388,1.7824023,-0.42561716,-0.005217609,-648.1556,174.24274,55.878853,57.14063,20.072529,-12.166632,-24.90308,3.777873,15.817089,-3.9882069,9.473574,7.9993305,-28.31728,114.38880024111063,114.38880024111063,2.647029810889221,2.466098521836102e-05,0.004850291647017002,-46.0745321724356,-47.344402261679996,-427.52760974107673,0.001559235627887477,1.3638090344311002e-05,0.0003827875575703099,0.0007012178935740127,0.001148362672710944,0.031574146115500704,0.26010716441012316,0.01018272135213301,0.01906973913074645,0.042753547922058675,0.8735666795980654,770.97741852657,2296.9361967561513,3575.214949457544,3905.674820473747,24.98816330495539,1.0,-2.0287042,1.1109025,-0.060865838,-0.019104639,0
70,AVPEPUDEAC0051a2.wav,-0.002783199415717244,1.4620827951803403,22.311793405198703,0.046216905887615116,0.6807040360415069,0.001426116214854442,2.098509738330638,44.623222433180004,0.06145879769829224,0.6903694536917501,0.0002477862098591451,2.268962447337667,59.76539045490737,0.04004274283744466,0.8090564869378888,0.0011445164815854286,3.345853991218979,23.493412628903634,0.06124588235893539,0.3096987947993943,0.0004825544410854255,2.5176695582611415,46.45519109188848,0.06395004724092039,0.634284242455365,-521.59375,227.49803,-46.09859,-25.104578,16.765123,-21.98695,-36.710472,22.680689,11.218832,-29.896053,5.4233108,5.6244197,-1.4569267,105.11166829860844,112.99504342100404,1.1978946682688925,3.697433203342371e-05,0.006015000864863396,-44.297558878993286,-43.97072605391169,-497.6713646877253,0.0017906052984432356,1.584856176742458e-05,0.00032603536021698283,0.0005397709333464539,0.0009781060806509235,0.016930649102470993,0.14564452843174716,0.009162546309146107,0.014925703814020471,0.02899998313797511,0.6803812182773324,1251.4147944601118,2385.1992495214636,3248.718499607943,3758.0500631075024,15.34870263018174,1.0,-2.6506383,2.3643813,-0.68381965,-0.025394823,-520.58405,151.02338,-37.70376,25.084684,59.058376,55.661476,-31.771332,-28.692312,-0.51680917,-10.992209,-27.527016,4.0086036,-25.341503,108.818903239077,110.04158754513408,1.7457125996162077,2.729393236222677e-05,0.0051305475644767284,-45.618108647671455,-44.88340131808134,-391.0486999654151,0.0025829664946575115,2.3478545789323314e-05,0.000467050760339148,0.0009403498536413641,0.0014011522810174397,0.016771225871226984,0.22598349906200932,0.007030285188913559,0.01035291623567394,0.018202641547708072,0.7958905482666098,1894.5347180564074,2479.479424646349,3090.232077993729,3896.700418618654,13.91486087486027,1.0,-2.3664412,1.8687186,-0.4588343,-0.03023342,-649.73444,131.25371,-15.563457,51.51,77.941505,42.85156,-8.136589,-3.6337547,13.2309,-14.957162,-15.151513,-11.808033,-26.530708,107.74882745401494,109.67291365855093,2.0386992196565163,5.8795972108782735e-06,0.0023816684260964394,-52.27693214607535,-52.72839484838241,-236.305114968585,0.002068206416900438,1.886476147997777e-05,0.00043796716020919676,0.0009475659133221413,0.0013139014806275644,0.018246883695981972,0.17015012709254568,0.009804441505485983,0.014358096497288263,0.021490774130823224,0.8983724296320735,2086.176110051744,2841.3803319924673,3439.4616371513935,3880.334443377524,18.905342112930057,1.0,-2.0540364,1.0416298,0.32576877,-0.31043494,-589.79224,203.67268,17.660551,38.16197,30.752312,-29.682602,-49.127968,-1.8494543,14.320328,-17.66666,-12.416221,3.9072187,-22.959465,107.89126411780843,109.966096120074,2.3594302305734587,3.171767821186222e-05,0.005561247002333403,-44.97381266235975,-45.236932338711085,-492.4897934180122,0.0018401834811102571,1.6742194103300412e-05,0.0003606964498856867,0.0007247686647084229,0.0010820893496570338,0.018037156025562075,0.17554220012208285,0.007604875422758769,0.012454749595671447,0.022189528047072825,0.734590902675411,772.6825828860613,2459.892671330271,3368.335399943652,3836.482876883968,20.415037444325925,1.0,-2.2818449,1.3680159,0.19859663,-0.2827726,-671.9685,168.87619,63.625927,62.74485,29.84775,-14.327109,-25.710135,2.6810317,9.410997,-10.952459,6.5583115,10.665115,-23.635998,111.05766216744806,112.1909036181363,1.2631457492104472,1.8258449927088805e-05,0.004219477996230125,-47.37179495606881,-48.01054663754803,-439.8580139940959,0.002020902506805654,1.8015334446037626e-05,0.00037227979811664785,0.000678186341024416,0.001116839394349899,0.018629378031038833,0.18398431285774125,0.007657827501549343,0.01195062584757916,0.016753309528982734,0.8521941932710899,708.287983863766,2378.9867941211673,3603.5608473058505,3868.6544932119,25.00210002903774,1.0,-1.9523649,0.7937474,0.35959995,-0.19908793,0
71,AVPEPUDEAC0051a3.wav,-0.005092622569306269,0.9889248666582899,55.05535583189508,0.03511610447752168,1.5933183334995402,0.0010918985872306506,2.8898570355312163,28.876445282251208,0.050608388547477005,0.40186669830383465,0.0006283509150131303,2.4375638652800173,53.55637960879925,0.052552532014948104,0.6933108495295027,-3.233980115403336e-05,2.0917007067711246,37.61184593798213,0.04777755896120102,0.5909044409766724,0.00037918657945527234,2.354579530537689,63.890642287757004,0.060309201609002605,0.8832210397170105,-535.6372,222.73888,-39.147713,-18.398933,17.810139,-30.817158,-38.233913,20.785563,13.71514,-28.25482,-2.1144373,4.4918203,-12.6549225,103.26304065349326,109.52140675370495,2.0068597233177434,2.1462032236740924e-05,0.004491198807954788,-46.675459036675136,-47.05232554391744,-405.37008433035794,0.0016861009862540058,1.5400470797212906e-05,0.0003128100607449184,0.0005494921643588336,0.0009384301822347356,0.014698734002865945,0.1261517561720304,0.008574027033638715,0.012612962511888282,0.022956569209841772,0.6963333076330797,1145.954922125595,2324.34839172952,3296.5003649770397,3763.6839972588773,12.105105433101887,1.0,-2.5449352,2.0563202,-0.33252642,-0.1750736,-562.1811,165.43054,-31.379375,23.74502,64.9662,39.573494,-23.172365,-18.134653,-3.7279284,-37.33423,-11.332927,10.577385,-32.69829,107.47319333388032,108.48709138419996,1.5135786929853707,1.9358891222509556e-05,0.004333719611167908,-47.10343064887674,-47.28125934508082,-334.2993624217848,0.0017916339159851269,1.6517988870775034e-05,0.00042031273227040544,0.0008929891768394472,0.0012609381968111911,0.026980978814096977,0.2598036412212962,0.013753055651689773,0.016428461686446898,0.03178889731502344,0.7596263252562266,1809.3122727951588,2607.8916441744154,3369.467566950833,3988.439934687462,16.6527347356272,1.0,-2.3204048,1.6663063,-0.20123407,-0.13982473,-618.9754,137.95372,-22.390394,48.720688,74.47396,52.708065,-7.9156184,-15.515067,11.564552,-10.426595,-12.319344,-12.859778,-22.952795,109.25945037264864,110.28056673127153,1.880551599271737,1.1010361049557105e-05,0.0032392065040767193,-49.57579451728125,-50.19606422580242,-190.0286560361118,0.001939343288850342,1.759084464691674e-05,0.0004596613165166575,0.0008402293949549963,0.0013789839495499524,0.01683627377346415,0.15562078316506106,0.00844725522008616,0.012386687133334335,0.021394951485718013,0.8865127768635445,2024.4595578528,2669.0331403317364,3252.326003171234,3918.3734651505247,19.448674049395944,1.0,-2.2040346,1.3341539,0.1413387,-0.26835757,-633.3826,199.67705,35.915863,37.399967,32.873207,-30.8736,-41.564487,4.322937,9.4422,-18.790972,-5.3455667,6.167375,-18.509338,109.74741689068445,112.22292253483522,2.2829131883799914,1.401817917212611e-05,0.0037044177297502756,-48.532214556830894,-49.26198093123255,-380.8112821121827,0.0019249279712912292,1.7160051462637647e-05,0.0003518631486100685,0.000693873120987752,0.0010555894458302009,0.018893537289893382,0.18016719478041385,0.007086520388642042,0.012657091417172785,0.027189315481532122,0.8104662995784134,760.1441279306746,2710.8517905746858,3314.908297442481,3962.122696270333,23.882666800526255,1.0,-1.9963063,0.65287304,0.7556514,-0.4095945,-702.1873,166.86096,74.55486,61.541656,31.80994,-16.47569,-18.187248,7.970239,3.7410665,-10.059983,12.386186,8.82108,-17.787554,112.35786177965863,113.5531581815699,2.533385965411059,1.2894533938379027e-05,0.003547196974977851,-48.89414811568201,-49.64813364899629,-103.07649464755255,0.002622687710453043,2.3108858696366393e-05,0.0005943510597177653,0.0007887976310015912,0.001783053179153298,0.012564656935584858,0.12211301295673879,0.004665937705766672,0.007951297625399922,0.01515276826354115,0.9018699495340701,697.0925648094997,2440.4884225076653,3573.111280972161,3908.258368634999,26.416829246526,1.0,-1.5578197,0.07630904,0.573364,-0.08956727,0
72,AVPEPUDEAC0053a2.wav,-0.0014388173211775455,1.0786701141332657,159506.1691717286,0.03371588694478557,3951.054379017534,0.0008114766930773811,2.252166453254965,48.812775810505926,0.025220670516908406,0.9907495373770664,0.00043027876417008173,2.932745138002624,37.82471177329797,0.01911039070453819,0.5187639076094371,0.0005825329994663688,3.5815609195476585,19.688681702136492,0.020857104071572017,0.3167714561890422,0.0003271083592743867,2.839685498093269,34.656360953374616,0.020331624669606665,0.6583219765965614,-614.54846,181.38278,-17.8332,-15.022883,6.936646,7.6380315,-10.812119,-20.730997,-2.4204514,2.2711918,10.489254,-0.61222655,-9.894431,165.4163526892413,166.5895183111508,2.7654021806870803,9.898084499582183e-06,0.0030612756963819265,-50.047829990614176,-49.98363208783536,-290.0237118749639,0.002763480045631845,1.6593157541735427e-05,0.0005225013306495978,0.0009504401031907015,0.0015675039919487573,0.024905066183995645,0.27465761436282526,0.010739429679148012,0.01696473134826247,0.034991309586768604,0.7629994368543498,783.5560169484223,1766.0045062382233,2387.6469239400194,4215.273406255562,21.71206845530756,1.0,-2.151926,1.0865927,0.3779848,-0.30689377,-644.07245,111.36139,-25.321938,43.475033,53.98907,25.782784,-37.78749,-40.750004,-4.8495283,9.698426,-10.645683,-20.41506,-3.4311895,169.88078790694607,171.3327604531593,2.7647545999229934,5.99606482865056e-06,0.0023347497917711735,-52.20440915839872,-52.19009446409447,-194.60140412397084,0.0022093633979804873,1.2898571898973281e-05,0.0005413038230156445,0.0009036556696465092,0.0016239114690469062,0.026837857593538197,0.3512010333160388,0.009605920417771321,0.015641498733362135,0.03261146584859472,0.7536497670849994,2312.85983362354,2335.3434042833833,2757.1859233091486,4337.301667067133,18.249135533388653,1.0,-2.3417761,1.7277067,-0.24412856,-0.13070947,-706.29364,77.236,-8.380505,68.42042,68.2185,31.671072,-31.737612,-24.72287,8.21671,-10.561774,-10.722951,-11.432618,-5.9824142,177.92797547468064,179.1550649607129,2.616869366989346,2.2267679469223367e-06,0.0014451395254582167,-56.5147828771243,-56.7712116772077,-145.17202109940538,0.0020043745237289684,1.1190360327459078e-05,0.0005825514443175487,0.0010075872299363348,0.0017476543329526819,0.017647345901119684,0.23610974196344614,0.0072935341798573096,0.011952594221530412,0.02294311739540299,0.7929964698284687,2379.9737607112133,2506.2640455098344,3125.6481753668604,4300.23742276122,22.601760734310194,1.0,-1.9933262,1.1801983,-0.11094844,-0.0673003,-699.6437,149.11554,41.678146,30.599607,3.9015086,-32.482655,-35.307823,-12.261081,-9.697118,-5.518288,19.071245,-12.782486,-28.462599,175.07052864584358,176.56685795050888,2.088062697292233,5.9059320847154595e-06,0.0023849420249462128,-52.269035080537336,-52.69034813580424,-399.2972057812577,0.0019079291795362095,1.0807215193109966e-05,0.0004607637027697232,0.0009627687549865651,0.0013822911083091578,0.020243134779944955,0.23578785076413467,0.007315665343132117,0.014453326187807253,0.026788567756107846,0.66342377529485,872.5708787195898,2421.963714870284,4054.5742257955885,4274.100290821366,24.663712410713828,1.0,-1.9554268,0.79136014,0.39044204,-0.22053467,-755.4315,121.24879,68.03701,44.942875,14.268895,-3.584215,-22.855211,-17.974335,-7.0539527,-12.237368,7.269744,-1.9311479,-11.449487,184.74201631753854,186.5356281264467,1.6066203773337802,3.6018732316733804e-06,0.0018666849937289953,-54.4248789745182,-55.487086236598536,-364.5516883474242,0.0018558220881595196,9.949638362783011e-06,0.00046162262980491657,0.0008420829639067221,0.0013848678894147419,0.023152531443007898,0.2270366325236783,0.00926439061209383,0.014814883756172478,0.025915376777999325,0.7285936671208881,749.2472104858459,2591.962469940724,3958.4681187959704,4831.521711595808,27.869237010223618,1.0,-1.2976598,-0.09098758,0.14123282,0.25398684,0
73,AVPEPUDEAC0053a3.wav,-0.003880330571173667,1.145129359261898,58.55248917132382,0.035586926667696674,1.923844604334375,0.0006580898321838552,2.432368934046413,49.009410677948374,0.030728108506087138,0.9313045166384338,0.0004489505521856031,2.8671825432293936,38.21942145595159,0.020003202075114055,0.5022534502268851,0.00041653909344846886,2.539877807052324,34.77845420299151,0.025625688256940452,0.842672986727022,0.00018826728134983397,2.401112761010243,44.69951111730697,0.021639741251756137,0.8877325989032052,-600.2258,191.8194,-30.232134,-26.380089,6.499407,-7.236909,-14.507685,-13.266852,-15.298012,-5.774076,13.584463,1.8572807,-9.5775385,168.26782838344448,169.77021970829668,2.3778825092581433,2.485089498804882e-05,0.0047510103322565556,-46.0252766079963,-46.38309760442294,-131.50438837091596,0.003188265449136823,1.8783637988627063e-05,0.0006197051896572891,0.0011892377422201954,0.001859115568971865,0.02231390237035217,0.2781814157708802,0.008229852708082203,0.013395151158146958,0.028279615272786954,0.6463752183601982,818.2126588054681,1581.3782205176908,2417.1764978705837,4081.571713526677,23.169407549887083,1.0,-2.4071517,1.6177741,0.0618037,-0.26839384,-652.4092,116.564674,-26.194864,43.64767,59.99516,30.696398,-29.638931,-40.302917,-3.7270558,1.2426618,-9.604321,-19.113718,-7.655575,169.3162419835074,170.58929643451125,2.5894533205826793,6.841712092864327e-06,0.002468820894137025,-51.644667637149496,-52.38736753363653,-337.9788124556247,0.0019165922286295955,1.123778414401301e-05,0.0004937806023124527,0.0008428065945807624,0.001481341806937357,0.029716908186730933,0.34781942733168375,0.010099606366814631,0.01524005645329618,0.03639101311674354,0.7809721508805534,393.72709484655337,2273.7892793802057,2681.684581267112,3216.543703086,20.715504424335226,1.0,-2.2361152,1.387433,0.11407274,-0.26001832,-699.8873,81.46107,-14.654746,68.934204,74.95719,31.712143,-28.880245,-19.323654,12.143377,-18.132847,-13.15195,-5.2104053,-9.537731,177.14036304679487,178.827414123431,4.035842984668642,2.3080779101292137e-06,0.0014978457475081086,-56.372259211037026,-56.67103615131222,-117.84046827345009,0.0036597870267966264,2.047618835293285e-05,0.0010406080734185288,0.0016765097163828748,0.0031218242202555994,0.03027704253214011,0.3366220590676396,0.012938559285231807,0.021190996435831753,0.0413220727969908,0.8134846109695957,2375.6224554303067,2547.219947504811,3206.9753625659177,4258.862287240023,19.18382793791698,1.0,-2.053745,1.1765599,0.085540265,-0.2001029,-693.9155,153.27788,46.552353,36.16682,7.41998,-28.413643,-38.774384,-20.246885,-8.063418,-7.5188146,15.386455,-4.6896367,-28.382477,174.6142990547346,176.51228056619905,2.032316488744539,7.736892257526051e-06,0.002746934536844492,-51.0933028279424,-51.40568695998592,-364.56675738367215,0.002053187518161296,1.1633556514824941e-05,0.0005311293213611809,0.0009739473347587301,0.001593387964083531,0.025262122248685827,0.2627757114900665,0.008993677973403929,0.0157563694404183,0.02765594563250164,0.6875498132805994,831.3949961770395,2473.662100492952,4056.107565238365,4270.239802834809,24.98754144695589,1.0,-1.9055874,0.90068316,0.004363722,0.0063511585,-763.46564,119.09896,68.92244,47.173985,19.54622,-3.9958794,-16.722168,-15.090967,-11.862625,-12.6173935,6.7036376,1.4506571,-5.381983,179.14837915260472,181.09564414339394,3.2633182041374917,3.434584868955426e-06,0.001803019200451672,-54.63318578083056,-54.84918898572773,-220.24612707310118,0.002616363718821228,1.445227125325618e-05,0.0007088931458211353,0.0013385914678737427,0.0021266794374634073,0.019909234765222546,0.22369840325644383,0.008729132528822743,0.014229376749790145,0.025791606338272377,0.7611475779605497,728.8862867561799,2582.746522589706,4061.3740069657674,4389.605313109795,25.95093716646148,1.0,-1.211757,-0.23908019,0.1735411,0.28386506,0
74,AVPEPUDEA0001a2.wav,-0.003589783500960111,1.8987358672018286,18.0498199370548,0.19356123858926363,0.48759040853808,0.0046486723117061274,3.0014360797562376,29.441674201514985,0.2426904025744063,0.5376380574813074,0.00373525959344994,2.6030919970908397,56.69691971969979,0.33713089766889387,1.0934322261692646,0.008075089962598316,3.773468765963821,23.837385898857455,0.3426205225760923,0.3421140309071788,0.004311159800846307,2.5763209483591143,54.696164026860444,0.3604833226958482,1.1986171600132207,-353.6796,204.01967,-14.556991,3.9504163,-31.674387,-23.907808,-0.3634583,-6.0981374,-8.133741,10.666819,-13.12955,-18.679987,2.6953497,79.18557522847748,94.032870583817,1.5887519646767319,0.0006854934035800397,0.025510331615805626,-31.640932480022318,-31.383390918604114,-427.3446721380373,0.0025346615933335547,2.696270947157769e-05,0.00045806861707150707,0.0011088343159819693,0.0013742058512145384,0.02632343236905707,0.23743337055815286,0.012335132511335778,0.021135197048330806,0.04638010282721089,0.6869450548646141,666.622383694848,1195.0811352877706,2331.115926323603,3717.0197740128815,11.72029921329858,1.0,-2.4058056,2.065462,-0.8263277,0.17802522,-412.85233,159.54137,0.45804945,35.72766,21.037815,33.79287,3.0535448,-21.062843,-39.529167,-9.529074,-2.8691404,-24.93023,-20.322252,87.43953509468064,97.56411284248578,1.390782591592371,0.0005804583197459579,0.02348298579454422,-32.359150853295155,-32.937224515235755,-478.1508990805309,0.0021279906203295505,2.1815642608532854e-05,0.0003887738644302199,0.0008558866092368377,0.0011663215932906834,0.025684213173150457,0.2255140452650673,0.010755728324502433,0.01801266190697742,0.03802371814188581,0.7110360875895345,1723.4966503072583,2316.9603929944506,3767.5578550533373,4663.604982049819,16.77593678038471,1.0,-2.1896403,1.7913884,-0.8989963,0.30260107,-469.02292,138.56966,10.2179165,53.78554,54.38173,45.96995,-2.3067124,-7.291273,-12.806267,-15.438572,-1.5466357,-18.260078,-26.727459,101.04970047717511,102.07040452239909,1.6945931538561971,0.0006294165505096316,0.02373977191746235,-31.992339751964636,-33.31816389140962,-251.21815118542466,0.0031004713887713407,3.038426239169202e-05,0.0005962851046834476,0.0012552507683379524,0.0017888553140503716,0.04944769125657925,0.45778874388648844,0.015277388098411733,0.029307849091737694,0.06541276740589674,0.8386127301682434,304.3723126583292,1837.0509523862106,2486.9373741718723,3508.803785293537,18.624461382163446,1.0,-1.9515741,1.2302899,-0.51063013,0.23454785,-480.35245,191.69159,75.01635,38.735962,-3.5498016,-9.7975235,-24.28645,-14.152639,-3.2615848,-6.224683,-1.9691992,-18.04287,-31.10982,84.92287463566564,98.74752864612283,2.567691614163473,0.0011855240445584059,0.03304409235715866,-29.258068276567734,-29.874154525357085,-481.6406792926742,0.002811879669938021,2.8495057137566116e-05,0.00043838304156725065,0.0010003295151789168,0.001315149124701748,0.03694572983386215,0.32882661222452847,0.016760409434188578,0.026814001483572193,0.05608512291950644,0.6978349435680996,766.5691065704984,2121.099776030867,3457.477447797855,4346.533499671757,16.77992042870001,1.0,-1.593119,0.45511708,-0.10591957,0.2499992,-504.5939,178.64745,80.39605,50.89744,10.703509,0.47329575,-25.345583,-30.298899,-0.24718896,-3.6577728,-4.420391,-3.3693013,-23.778358,87.64207790837666,101.77789692585678,3.4019260703260454,0.0008641997701488435,0.027922824025154114,-30.62186998297524,-31.70589240395564,-104.30267190432942,0.003187057008315351,3.1348676622261684e-05,0.0004903671899206487,0.0009635536381069611,0.0014711015697619714,0.034789394950040714,0.3158757092871263,0.01240933616224389,0.023616738219994875,0.0475786519448145,0.795322429736493,669.6260897415415,2153.941179895041,3394.479268035272,4836.806392843064,19.48454571269358,1.0,-1.5881326,0.3786849,0.038268566,0.17463799,1
75,AVPEPUDEA0001a3.wav,0.0061269812582609405,2.7180677060223815,16.988978019696333,0.3196423144191842,0.3912247924054249,0.006552637311019649,3.0732344077081186,27.588552127016825,0.3350143294619983,0.5343473560428067,0.0030015894202755624,2.7287683747970792,45.53244543798387,0.2596545399948494,0.7219969196511558,0.007717585856038506,3.165276483277042,26.382080035653395,0.34730801413664153,0.5439862097353687,0.006004030342145132,2.965151897265528,40.82352976663923,0.37213879127285804,0.7593212365935018,-325.86926,220.55823,-19.620115,-1.4037299,-30.771849,-21.47661,-0.45182103,-9.430191,-11.712518,5.0658865,-9.694395,-19.230904,-2.9427261,84.49382445424146,98.89618089530532,0.9305929856685433,0.002020609099417925,0.04355499520897865,-26.919451198198033,-26.3535953988406,-649.6652378128578,0.0019296805913976353,1.951390800671264e-05,0.00042763651846546393,0.0008446183192787804,0.0012829095553963698,0.01964509687156062,0.1940479438459544,0.008720137917006937,0.014962402436400579,0.027169466782599537,0.661450367252651,634.9993138080401,1234.0170597079168,2274.66852796179,3966.5452874831158,15.507389535908247,1.0,-2.4921556,2.158806,-0.781837,0.12321749,-410.61386,177.77129,4.522997,25.330412,16.490904,35.530605,3.218411,-22.742647,-38.36029,-20.309227,-9.235925,-20.87971,-11.980605,90.71201904586364,99.29288571236425,1.3748292716217207,0.0012415101518854499,0.03398634493350983,-29.033410247564994,-28.876750451772487,-263.91161474662636,0.002928971980585708,2.950406267043025e-05,0.0005710676417311144,0.0012050195063984762,0.0017132029251933718,0.030629101063449134,0.29955872774331105,0.010174027667205291,0.01733713409963787,0.04057238856974925,0.6816691245706389,452.9565708382897,1605.0614624885852,2314.98517690378,3759.784632312222,16.089205081616708,1.0,-2.1341581,1.56741,-0.6849052,0.25669074,-479.14087,129.6762,-0.07415648,59.70393,53.360344,43.23798,7.7376947,-9.784838,-0.73778677,-5.712244,-2.3192647,-17.450552,-27.657532,105.75109052284225,107.08971192186559,2.6306831493601686,0.0003673302417155355,0.018849223852157593,-34.322019574311625,-35.17669937354012,-167.31520353731926,0.003429320620773076,3.204316551237029e-05,0.0007069238003377709,0.0013774456779308151,0.002120771401013315,0.0323985540659105,0.28752837600246167,0.014298580321669354,0.02313137501824786,0.03984717397478304,0.8266295596119005,1900.0601514736102,2589.436356173177,3528.5000542228213,4427.723485001345,19.788368714585786,1.0,-1.9930929,1.2065263,-0.29804277,0.08725685,-464.27847,194.80983,68.2136,40.507717,-10.888488,-16.252216,-25.263916,-22.61243,-5.8933144,-0.1540592,-1.0164771,-15.931236,-25.139568,77.28850172593921,100.23352567582742,2.2711914399762922,0.00154651771299541,0.037989068776369095,-28.09917542557266,-28.100019904126874,-560.5976545634347,0.0023623875641450415,2.3581075615790447e-05,0.0003844738220858533,0.0007091239895371981,0.0011534214662575909,0.02074168877017449,0.17206719414966684,0.007409732961519952,0.011806763812803638,0.028662772743729005,0.6689578041582763,803.9486852145055,2144.6041596558343,3449.342214428399,4320.67971485551,17.27432909672558,1.0,-1.779028,0.7474766,-0.13183533,0.16971636,-523.47284,167.09898,89.51256,61.120377,14.540589,1.7463428,-18.755121,-25.9163,-3.5832014,-0.6226696,-2.3726947,-2.3283768,-18.685827,104.63214153215942,108.76235764527098,2.975186058158046,0.0010070219868794084,0.030545897781848907,-29.97305355896514,-29.952685288268384,-224.716003945634,0.004431755889886287,4.077945907318e-05,0.000661997913309803,0.001238151345749359,0.001985993739929391,0.05177817365442959,0.5165729435005536,0.019792642524478054,0.035941113659593016,0.07032514430175663,0.7611760772178947,642.8235221965293,2156.8838573082694,3416.198159676854,5048.463752353213,20.57552350695461,1.0,-1.4572389,0.20680241,-0.018369406,0.272877,1
76,AVPEPUDEA0003a1.wav,0.0051541480633668455,1.5741893508239753,15251.066741531971,0.2727316967344356,4158.890933108821,0.004652615845007273,2.135526844832553,132.01497356695424,0.6020383719114057,4.453630811413848,0.011991066142845393,2.655115267318629,74.95940398696698,0.9393484847793433,1.6757783964468842,0.005150744072661044,1.7870338925555374,140.58467765542053,0.5138214011346259,4.051285680323025,0.0026904839133000645,2.04817922250813,94.70192358471864,0.6548222077715642,2.5625611860986575,-363.7545,156.95236,-31.613523,-11.041047,-3.2218108,-2.3330407,-16.391611,21.53846,-8.967653,-25.03387,25.206697,0.8002962,-18.527765,189.06367864520624,210.8787184888839,19.75157197930475,0.0005301281344145536,0.02214203029870987,-32.746526380263134,-31.861477641301974,-42.80277436329219,0.008260107306115321,3.9561305818567874e-05,0.0019009871495204139,0.003227484090715282,0.005702961448561244,0.038250553737181676,0.40842601932682,0.019983610193218183,0.031226657996963177,0.05367909538866038,0.8181648175541606,938.4398243743277,1688.2002294865522,3263.887473458519,4059.333864452753,11.587962852371524,1.0,-2.1248786,1.5920765,-0.6371616,0.18451838,-376.45715,92.30122,9.090205,36.37695,39.44455,14.080814,-60.206966,-4.6601205,6.4564557,-28.949373,4.044633,-19.597641,-13.231769,221.5288821311653,226.04987972567892,17.79955395358159,0.0019274249207228422,0.04026145488023758,-27.134571030415646,-26.54800710279702,-26.881088294484194,0.008991770208986945,4.007310961316384e-05,0.002181519872966571,0.0046235006859982235,0.0065445596188997285,0.06439536532111165,0.5776145544430045,0.022623781426809018,0.04883502659634439,0.12317402452182485,0.8322443917379463,2384.545762067938,2980.413186523427,3917.1511333249805,4501.416052202156,17.399648888988995,1.0,-1.6662028,1.089339,-0.72166634,0.30380622,-422.41083,58.134693,42.281395,62.24014,53.454117,15.125689,-35.302475,5.0325766,11.802524,-37.664608,-5.083066,-18.861277,-34.16124,215.17085156232167,220.23369512849393,25.634669375920513,0.004188235849142075,0.05479830875992775,-23.768177672805628,-22.788500122343187,-19.595421565187838,0.011535777965818178,5.3204260547985504e-05,0.002682310897035041,0.004719278120260457,0.008046932691105157,0.055057296537312055,0.5961276110155082,0.018163918488660547,0.034322072438451055,0.07685394766415858,0.8526945127149441,2570.016152335187,3481.695047334388,3916.875890751595,4702.857463666404,20.931250999244252,1.0,-1.3462371,0.40839595,-0.24502587,0.18592009,-396.32275,137.91115,37.753006,1.4273474,-1.8516642,-29.639149,-29.800209,23.563463,11.344532,-38.92149,-4.290293,-0.4640662,-20.331488,221.25627751102522,224.021980979913,16.368142456624874,0.0018345809075981379,0.03883101046085358,-27.361262177400683,-26.426470828380523,-24.362821525281095,0.008568302992720548,3.848640951441841e-05,0.001969653085822692,0.0034966232034401895,0.005908959257468079,0.05264630332777128,0.5483701153174986,0.020718111895426664,0.038708678593471435,0.07601040266611082,0.7809196943817802,1198.0921162739562,3120.2361030800575,3753.3569590055613,4678.813976280938,17.890204143788672,1.0,-1.3966727,0.100141235,0.115735084,0.19314398,-459.99966,148.87384,68.51472,24.888723,-3.7477858,-11.921853,-34.850143,3.1217668,14.578233,-16.362951,-18.37633,-5.7126126,-30.094645,176.45706610487096,221.99437348677313,19.509529956079998,0.0026026773266494274,0.04423363506793976,-25.804880755901078,-24.64868925011225,-37.38692576135708,0.008259034912760161,3.75275902163922e-05,0.0018358261790736101,0.004136912688432309,0.005507478537220817,0.057846373382938555,0.5775367375463247,0.01965753695961138,0.04407617467630356,0.10475681177993122,0.806288418359827,373.8436485106915,887.2706996343695,2884.8555824648006,3664.840022312215,18.833828962762766,1.0,-1.5101026,0.49721795,-0.41714296,0.4350357,1
77,AVPEPUDEA0003a2.wav,0.00552490815477092,2.1107381426520013,2822.1293607923417,0.3430612093318569,2593.3924693431495,0.004977158121731961,2.1264183510043524,114.14616027272115,0.5015609103296897,3.5274759903711206,0.002787851606496219,2.1132768479732182,138.36204822193062,0.4524510148765109,4.859824731038443,0.0006315212884423681,1.9267978755894153,4725.922345497956,0.3549888453798419,3600.2241918598925,0.003265039698896846,3.248423737932957,34.46320142060872,0.1788718823615012,0.4357265356425479,-341.05777,110.46692,-18.916351,1.8104563,-13.500498,5.223369,-21.960766,21.86993,0.30330452,-36.472874,18.200619,-1.9710623,-26.507769,90.74287509032344,217.78290021677626,39.9065453701739,0.0006747008301317692,0.02376534789800644,-31.700854674494213,-31.46513297970419,0.08971367357755478,0.006368686021324392,3.0866229755501786e-05,0.001846707676695795,0.0031080276674060963,0.005540123030087422,0.03650063838842585,0.36462435658904724,0.015503826799619666,0.024335786198255018,0.05842227461062564,0.8247940517227679,1035.7396534153722,1776.9711671983548,3279.362827039949,4094.2843291487716,10.458513290066799,1.0,-1.8101308,1.5040592,-0.98674697,0.30314678,-352.8041,83.96802,1.1155964,43.834682,29.80432,11.844478,-78.73396,-2.6294384,-3.417868,-24.518417,4.389606,-9.640934,-28.022709,146.11846050631488,197.53051142520343,61.27219044270231,0.0014647457282990217,0.03273000568151474,-28.33481271931898,-28.797501916462206,-6.357270414186593,0.005965238054045154,3.453946140072707e-05,0.0016494665606319881,0.0032432632466516576,0.004948399681895956,0.04222924684890399,0.35054636999367944,0.022764041144718267,0.03682212867015316,0.0692850028819829,0.8138948619651435,2359.7863576846767,3136.5787805690543,4027.4744759229784,4619.419148214331,12.279224498762266,1.0,-1.8021894,1.5032593,-1.1038908,0.4112153,-389.46945,46.300053,28.291142,72.737144,35.613876,14.028878,-54.928246,7.7162976,-0.576288,-37.54104,-22.631832,-7.978125,-40.64665,185.90508720881067,218.71186730448315,15.607434000692681,0.0011110292980447412,0.03069704957306385,-29.537974015268475,-29.65059629520499,-9.243473968359364,0.008435232190290154,3.876670525555271e-05,0.002455845206630761,0.00488480715766867,0.007367535619892253,0.03716347879182579,0.3294020404067888,0.016124528877500533,0.02787241103251083,0.050114567194686384,0.833512117241491,2610.834876555272,3575.8645368944753,4227.43049524692,5824.893619732328,13.368612315941768,1.0,-1.43093,0.97062325,-0.76811063,0.23675887,-432.19623,141.5314,53.4695,27.168352,-6.693861,-12.413058,-37.337143,19.307533,-0.7194284,-27.606668,-20.444717,-8.23971,-32.365032,111.29565089988502,216.5206299325036,27.032223940115404,0.0007258651312440634,0.025199800729751587,-31.390204796288344,-32.67389227460054,1.138937879283976,0.0065660583728692976,3.121487187396799e-05,0.0017410617395366757,0.003708884273779184,0.005223185218609922,0.06265071833232086,0.6081553125598779,0.025834084037491392,0.046321721994406984,0.10398745170026272,0.8299325945236162,354.56342510274385,1006.5514970400643,3038.7417521794155,3870.3659020389346,10.617784607277548,1.0,-1.5566063,0.91942376,-0.98294973,0.62533027,-514.12964,114.42593,67.75934,37.577694,-7.9965296,4.6487126,-28.406116,7.7853208,10.756705,-17.819307,-18.91293,-9.937466,-33.86492,61.89625777842517,170.63292684863154,12.22447436122739,0.00018463518063072115,0.012991872616112232,-37.31682768585928,-37.010488802382916,-7.470503481989399,0.008570531991986853,5.047503849433474e-05,0.003249941299885856,0.003585021759643654,0.009749823899657593,0.05234509090146643,0.6165693941172855,0.0214266396102536,0.019415326696647417,0.049015122812827064,0.8158176750610452,344.9846169501935,943.7092739012899,2793.5162875585584,3798.0179463708896,10.805968181548218,1.0,-1.7459203,1.3668718,-1.0181257,0.4019126,1
78,AVPEPUDEA0003a3.wav,0.003390015924988323,1.7928780727432159,282.4156732619722,0.2118915459716147,12.364538556062971,0.002623118152144084,2.0205536673301197,126.53996687269914,0.33051863694051953,4.003058862680105,0.002283071847500931,2.1763711027584733,135.48270292462365,0.406746967349093,5.240258032193445,-0.0004863218543973655,1.7902231085294271,359.7688452109174,0.28412026752651504,21.599391469391318,0.0019955228580752563,2.2823345307972054,96.73108275924972,0.24165684432446705,2.307007609231922,-360.27625,160.14787,-22.020254,-4.421194,-7.0988417,-5.6428227,-25.315044,22.587078,-5.5729284,-32.842583,9.507999,0.94517905,-20.736473,5.063264862241932,115.61121435452412,1.0404687238939818,0.00029987559537403286,0.016851283609867096,-35.22992228845618,-35.06680982330816,-923.7794573071885,0.004708869606674591,4.073352939901846e-05,0.0010506480172688877,0.002365524035997009,0.003151944051806713,0.05780662505750713,0.48000502586364746,0.024086093773961318,0.028903312528753618,0.044218296112959694,0.8129023212818743,962.9707276110418,1686.8160270835613,3187.5475771799893,3970.232557931736,5.0738663625325,1.0,-1.9291611,1.378995,-0.67557985,0.24024293,-363.41473,110.262665,0.2647683,44.39473,34.76858,8.593387,-66.55529,-5.1443267,1.2366948,-27.73304,-8.974524,-9.952306,-27.44714,39.47855182216796,161.39760892003963,59.17873027901373,0.0006575761362910271,0.023266246542334557,-31.81034554812569,-31.934079460524867,-100.31347641357168,0.006318796442375102,4.441043697823848e-05,0.000869077956457221,0.002438169616165181,0.0026072338693716385,0.07046462313946947,0.5790913717534679,0.02743217595761599,0.030784912347111504,0.04397072151656299,0.828098626268455,2361.0252886095877,3079.251699497275,3838.252322747102,4427.341113770707,7.226893434154061,1.0,-1.8332272,1.4457073,-0.9640279,0.36281717,-416.69818,76.97027,33.77346,76.73371,46.260986,13.735757,-50.889877,0.34643796,3.3505826,-36.56891,-31.037106,-7.2317147,-37.063087,33.36006067455779,228.25304672065857,3.4270086458623,0.0009352193446829915,0.028902430087327957,-30.282203286501424,-30.69229646806496,-9.98822751612009,0.009033351153175306,3.958493221220098e-05,0.0030314569793667744,0.00624767893293895,0.009094370938100373,0.02604764588321483,0.2897325021525224,0.013706922005487444,0.034460550143631995,0.04350146359076371,0.8349156683783887,2571.4467794338016,3429.8656352643866,4076.869226301511,5627.63363703534,6.088009795904039,1.0,-1.5506911,0.9447043,-0.67243624,0.2836532,-417.791,162.25957,41.36038,23.187807,-7.916848,-16.355217,-39.240112,15.216899,2.6319487,-39.938255,-21.182478,-6.849129,-27.843508,41.79518817775167,145.60904268378002,51.95613203252531,0.0005251638358458877,0.022365201264619827,-32.793271528861,-33.91575245112073,-10.509330900782823,0.007066788335464103,5.3824710330392954e-05,0.0009457580633736298,0.002304992644084787,0.0028372741901208005,0.050124374287356166,0.37064229818777394,0.019870460308489997,0.027791300798344243,0.0387677106286859,0.8119179821849043,420.89806687121416,1101.621340600249,3068.958740248092,3774.227402149692,6.392625603019448,1.0,-1.8119963,1.2452381,-0.8302541,0.40266627,-461.19257,142.23575,41.963444,22.181845,8.317231,5.2382717,-26.873245,19.777643,5.7412252,-27.792086,-22.478031,-17.964806,-23.233486,72.89248133194663,222.3220680624372,7.024948662730471,0.00026623770827427506,0.015750788152217865,-35.72992494175682,-36.55204999304815,-14.16470973706158,0.00989250723735828,4.454240746958233e-05,0.001574549289737636,0.0037520561025582455,0.0047236478692129335,0.044028782752368836,0.6389510795912322,0.019786210138265033,0.022030851484626565,0.049015122812827064,0.863635479533001,1124.0483784196294,2721.0618530668717,3657.0585748740987,4649.801413270379,8.552106073463028,1.0,-1.5480788,0.8290751,-0.73036414,0.45307618,1
79,AVPEPUDEA0014a1.wav,0.001989235194118922,1.8195278951868428,12777.900230213438,0.23104198462078074,7084.0299095732835,-0.0011191117694355828,1.713259555500826,194.66059105597319,0.19246046389881685,4.749874982363543,-0.0004820308653029453,1.8348920340817552,163.38532061008704,0.11876917054375223,4.1316268768527395,0.0006983514813575255,2.1915583473568985,49.86042356934747,0.17966934319811653,0.8686155355925577,0.0006248572882050428,2.2624145728650866,52.9884825276101,0.10909829073398339,0.8725817310374251,-506.32446,171.17091,-5.9486346,17.064402,-0.35648027,7.096743,4.344095,-5.4760094,14.773626,-3.5372941,-2.7512994,17.031162,-6.7832055,165.38970994489932,166.5710650159343,2.0651660830700767,0.0001684062444837764,0.01268036849796772,-37.731106199387476,-38.40952907250271,-370.07098634064795,0.0022491686612066283,1.3504840509332037e-05,0.0005267471849214739,0.0011038062539432511,0.0015802415547644091,0.03064625242611723,0.31456835462423643,0.011169910058230191,0.020691178708002585,0.04552581558337196,0.9410688545677343,1610.097855026294,2930.8506267774974,3899.4111864581487,5527.53008626233,24.7616277598504,1.0,-2.3210282,1.8058997,-0.5280081,0.04568852,-558.29486,131.5808,-2.0043092,53.953342,50.917717,23.021198,-7.875695,-32.70686,-5.759928,8.9448395,-8.45359,-23.473356,-20.335892,170.36109839204948,170.36109839204948,2.3910889519792677,0.00015811974299140275,0.011501302942633629,-37.99902305930091,-39.62878062129482,-359.38062976362033,0.002084459115401163,1.2237991255276243e-05,0.0005236313946196774,0.0010430319513250765,0.0015708941838590308,0.028781131266107714,0.29781936288763505,0.008299869159109824,0.01556461948826652,0.041209513355038765,0.8715519700051709,2165.6273609380873,2700.78063487244,4071.0220903424024,4804.160175032738,24.99345890465022,1.0,-2.2925196,1.551144,-0.0615443,-0.19537577,-611.5602,108.30535,22.899467,66.678665,42.03652,6.598526,1.1117442,-8.223162,-1.3552514,5.4699125,-7.28694,-21.104952,-15.376905,170.8176514064783,172.80390316701875,2.384222775057819,5.9677196986740455e-05,0.006985221058130264,-42.22999862000474,-43.73316859894919,-340.55400348023295,0.0021232068553158285,1.2289201896824522e-05,0.0005393127054323213,0.0010318758172323092,0.0016179381162969458,0.04379066803881473,0.43886301797979016,0.013256296003532897,0.025479555425959532,0.06448559997382478,0.8900969312140145,2426.8173578844144,2781.7196364937217,4173.943816159701,4674.798220820547,24.361236925505633,1.0,-1.9886702,0.9596503,0.26626563,-0.23533557,-573.66327,151.67198,35.931843,42.116394,15.575008,-5.7521515,-13.955426,-8.379726,5.786979,-2.6868699,-7.033126,-12.418235,-21.270645,166.55273269948637,170.87877770466787,2.6036087199682796,0.00018680834909901023,0.012643936090171337,-37.24816519924935,-36.78912646824288,-392.7706897480457,0.0026284926459017744,1.5385896268933784e-05,0.0005381687023548239,0.0009889290110160038,0.0016145061070644976,0.04310307645411232,0.48648731807540907,0.013233400665736255,0.025718894068798393,0.060950083329849185,0.809848344705221,393.86058219756495,948.2290362686168,2695.844506164142,4015.2418742884006,23.43875785288225,1.0,-1.905857,0.788924,0.18940249,-0.06932291,-605.2938,131.99681,38.39484,50.63667,20.698303,-17.54893,-14.06383,-1.002872,2.5779874,5.886298,6.3645687,-10.902774,-24.557632,182.01879732206905,183.87613198862078,8.078651981332248,6.179362389957532e-05,0.007044630125164986,-42.08939892827394,-44.283649882475466,-57.66833961495884,0.004510390407765549,2.4578581677534746e-05,0.0012981559421302979,0.001707005747037254,0.0038944678263908706,0.062310171227050716,0.6174546572230948,0.025018106735227415,0.04338054693045405,0.08692360380655471,0.8458078919089467,899.7849982152901,2637.4549646553496,3794.252827078379,4257.772415995951,20.073783666302166,1.0,-2.0125294,0.843495,0.53655684,-0.3655287,1
80,AVPEPUDEA0014a2.wav,-0.004636557502510057,1.1560812528051867,311.9820439732195,0.1229758991799389,5.630762819198145,0.0015613758052912322,2.317376318769502,42.33788157679026,0.13299537760141042,0.8605854587734747,0.00013997773130495263,1.9909278861637019,89.67373538668572,0.13270394049714362,1.711073410531123,0.0015077437741718152,2.5269039031641713,28.8021783752178,0.15416519146318283,0.6092124801911197,0.0009414358290689326,2.4543492423234223,51.47769153784551,0.08613135774231692,0.7598944656524199,-499.9514,164.09317,-18.347351,15.050761,-9.997762,-9.046967,-7.5382977,-10.931789,11.5488405,-3.908479,-4.5879593,15.775375,2.3432782,165.41723956894236,172.60929346324423,5.483980311980707,0.00012208988482598215,0.0102690439671278,-39.1057596124907,-38.43170375567887,-174.28474660814663,0.0034513855882304227,2.0016261292284975e-05,0.000823330002450107,0.0014241264367470272,0.00246999000735033,0.03507197653082002,0.39081906819346307,0.011656513540899752,0.021169462784992432,0.04841128017494356,0.7569209978472431,1465.7895836101527,1471.5820110442376,2854.172571751515,3902.1558695303574,18.859352218705222,1.0,-2.5022147,2.2144496,-0.81784797,0.11151077,-523.8408,137.10619,-22.311861,60.697678,46.106762,7.128892,-18.031404,-44.547443,-11.231105,6.6130514,-5.9723196,-18.443419,-22.996428,178.4719485635095,178.4719485635095,4.277629585364795,0.00014561496209353209,0.011702420189976692,-38.32740809640984,-35.10457435390688,-228.40911259049338,0.003411296021362097,1.9125062638209175e-05,0.0006252541133117579,0.001025844395091946,0.0018757623399352945,0.027698948253244433,0.29893827289185027,0.010098833485038277,0.018180378176595752,0.034920378565287284,0.7477520414818108,2150.0709793154615,2692.479664113221,4029.8112448527845,4772.697580455971,23.4471899926909,1.0,-2.552702,2.2426033,-0.6638882,-0.02335251,-581.4405,110.78118,-0.04651747,72.849075,53.4903,5.9447284,-4.662552,-14.799004,-0.7775828,8.834481,-8.846616,-26.069721,-16.801235,178.69420250402914,178.69420250402914,5.138424185918651,7.707602344453335e-05,0.008324294351041317,-41.08821128447011,-37.1138711739533,-95.91850250894039,0.005615440147983468,3.1451791222094944e-05,0.001596153033183005,0.0024257895994443173,0.004788459099549024,0.05729917373687339,0.5116623206413351,0.02134174479207254,0.04114863781398042,0.08776615062015096,0.8562759390495258,351.58474948271606,2343.5546636750473,2808.322928284153,4039.4542127347154,20.2532460123993,1.0,-2.1935234,1.3568382,0.13008958,-0.29170987,-537.308,155.31175,23.922512,45.82743,-2.8176186,-20.576973,-25.643688,-13.89545,11.071668,-6.943539,-10.366881,-9.979057,-23.830103,179.4506672134786,179.4506672134786,4.4964244437773075,0.00026348201208747923,0.015072357840836048,-35.74494791915582,-35.377605945538704,-115.91825822463649,0.004402106146997269,2.45474547654604e-05,0.0009552921244165367,0.0016423937355821451,0.0028658763732496034,0.027873394479755835,0.3681933457925412,0.008163633590041432,0.012467244887139451,0.02487658613113724,0.7086772221507265,1005.9759425621801,2699.2215533849417,3923.3162665114623,4460.310271435264,24.529510058930992,1.0,-2.282473,1.7048396,-0.50887614,0.09079772,-616.95984,124.54391,45.856503,58.345364,17.791351,-22.077093,-13.405189,-0.20228396,-0.5399792,2.0434177,8.816271,-4.547057,-18.968315,179.7204780380699,184.8553488391576,7.492350367507982,3.4464675991330296e-05,0.005401087459176779,-44.60429234123461,-45.253703957262346,-81.29301168328246,0.005467138703673251,2.962581123533795e-05,0.001207616691072213,0.0017520022168669644,0.0036228500732166623,0.06420250810272149,0.6079718256976617,0.02756077703089148,0.048146990078455326,0.0882047131322594,0.8623829062651682,791.928236873037,2735.643993374074,3807.12601164457,4216.6734860666365,18.90884893747604,1.0,-1.8916113,0.67417705,0.5588659,-0.3389482,1
81,AVPEPUDEA0014a3.wav,-0.002617625670626155,1.6173617577453465,31.15695822788928,0.10565404155296687,0.7795848883457598,0.0017354989224748867,2.3929709868293307,32.98039305854015,0.13077239190855278,0.5538443480397136,0.0005424183702331227,2.0475960746980677,93.48361891519217,0.14706605209435894,1.746009128599254,0.001553707018110317,2.6474499162390455,22.702785239353922,0.09668132469464434,0.4707730876858703,0.0012425831736462929,2.6336456841434996,45.48154520010698,0.09847455302831772,0.6056038753567675,-489.86133,166.42392,-23.844347,11.086641,-11.555136,-12.015992,-12.837775,-11.378353,12.164399,-5.1758804,-3.1081734,20.6377,-1.1846579,167.19583430294446,177.0308833795883,3.5477595543318667,0.00014723856293130666,0.011349201202392578,-38.29377708803119,-37.64106274043607,-134.1274204131247,0.0025301580272363397,1.4298058014468601e-05,0.0006749215436071682,0.0011785417567098699,0.0020247646308214993,0.023575850765972645,0.26217642570727395,0.008920045958180729,0.016642024656766053,0.03642650474303783,0.6960638097184617,1598.8444394785895,2895.9608615689513,3908.4210005910954,5071.007207604883,20.94295523078511,1.0,-2.5031269,2.209565,-0.823436,0.12397778,-520.2434,133.8924,-21.536293,57.98825,39.938053,9.172491,-20.340063,-45.520985,-8.05958,10.135885,-3.8072944,-14.941767,-18.6233,176.44963747666654,180.05065048639443,3.2879339325316317,0.0001358016743324697,0.011060007847845554,-38.649227581974756,-38.78615330840744,-120.04242075832737,0.003059661168189572,1.699912786785551e-05,0.000763738341560918,0.0014086292371149238,0.002291215024682741,0.021011171313852894,0.22495009851506134,0.009179601170837642,0.015828415723102507,0.02865510775430021,0.7647276453856139,502.1428365429299,2142.595974478874,2698.5694896806526,4034.5446307208003,21.84412740362609,1.0,-2.6057904,2.4447393,-0.9119725,0.07674431,-583.8818,108.89069,8.357846,76.90317,47.717766,5.650778,-2.2383466,-12.222298,-2.4422188,9.216717,-4.0798025,-23.610027,-14.291348,177.08202013235808,179.19013941964803,4.140781312666558,8.843675459502265e-05,0.009066708385944366,-40.52390424046817,-40.842049215012594,-43.991404031286805,0.002857228440054927,1.5954202859942982e-05,0.0009408749252858413,0.0012917114190934029,0.002822624775857531,0.03303049654318184,0.2794474548313812,0.01397065656512559,0.026036963692163087,0.04251884289895364,0.8837022682812138,337.29299654118705,2371.6178621254994,2966.7044304257847,4071.9659955170027,24.837954963795703,1.0,-2.2627714,1.5995927,-0.12378192,-0.21144077,-532.30334,147.6713,5.4810386,39.081795,-9.267298,-27.830793,-16.88913,-6.0381565,8.70687,-6.7399635,-8.645063,-8.984595,-20.022472,179.95561512136265,186.70395068841378,6.427829915821524,0.00012693842290900648,0.009864028543233871,-38.94603511837668,-38.912655215839095,-100.2213224415412,0.004609812988688168,2.4721648149399118e-05,0.0009584937925501964,0.0016188097607999824,0.0028754813776506326,0.04526256556948669,0.459391375293191,0.016465271889913938,0.028530977930210845,0.06217748170635153,0.6855019051017244,1102.739562575273,2697.8028804526207,3822.1475656014545,4510.06566893787,20.01632907750559,1.0,-2.4976685,2.1684675,-0.72890675,0.062977396,-614.0535,125.83488,47.091625,58.5183,16.436882,-20.177689,-12.2635565,0.4910994,1.5334718,2.8823268,8.220684,-7.8357267,-21.872356,178.0043836708498,183.16393102362807,8.16705068305168,4.3824529711855575e-05,0.006068514660000801,-43.53546229466975,-43.82098510897469,-47.68861837853812,0.006792473552844749,3.715927932779717e-05,0.001600776073216372,0.002405637016972766,0.004802328219649087,0.04781972803113419,0.6051489995848952,0.02032067354429603,0.037133996323725854,0.0631847091216574,0.8651393367812052,801.661187915207,2691.936590497468,3802.7663382876476,4263.693823981133,18.1899634120865,1.0,-1.8979042,0.69446856,0.5041029,-0.29830116,1
82,AVPEPUDEA0025a2.wav,0.0014674600531436194,1.111343391093256,188573.52473671202,0.1992472835324646,5369.95161763564,0.0025288489450976835,1.596229887721001,19419.830575592114,0.2854006406499351,4834.958396706555,0.0035244233120675277,2.3229186721695125,57.33807528027921,0.6198490061599858,1.014872675728077,-0.0011759104124142686,1.6347763838800138,6037.803757178241,0.5959201589330269,891.7375031443755,0.0019111461128165747,2.0834959715267174,113.87572417676586,0.6443097282891674,2.014322933805864,-392.89627,191.94409,-52.308605,-27.138685,2.074879,-11.381566,-9.890548,17.461676,-2.1657796,1.7712412,-17.922697,9.594549,-1.5715023,154.6854584741555,154.6854584741555,4.300054817985465,0.0004441032651811838,0.020393019542098045,-33.50706180315003,-33.131985641887574,-52.2172404727639,0.004568272499722012,2.9554773077454963e-05,0.0012959839468616836,0.002773758353056092,0.003887951840585047,0.0372190965729141,0.37474603663819533,0.019371713725891793,0.0318052882650584,0.058477826389772974,0.7812275411131688,1327.9619199165809,1875.5558339811935,2498.5590846913956,3613.5327898852183,13.34212454520192,1.0,-2.324635,1.667791,-0.23567687,-0.0950766,-417.69653,141.90846,-45.642757,49.119625,45.886864,26.758343,-36.594887,-25.587244,-4.1862307,-10.030836,-11.308702,-7.740665,-27.656775,157.42614522605348,157.42614522605348,4.402212474636009,0.00033630308462306857,0.017759127542376518,-34.728148277313764,-34.70940879406353,-61.186492060374896,0.004244775708569029,2.6983755435102286e-05,0.0010202031203881533,0.002052861604316685,0.0030606093611644826,0.03257677614906242,0.3194400863644998,0.014986940409933687,0.024907765567321643,0.043269959914420175,0.8922024031408711,460.17787967737974,2140.46684769567,2593.8978743460457,3509.2329982382607,14.419201624652592,1.0,-2.5411592,2.3326678,-0.8663584,0.08110264,-476.5824,110.410194,-2.687362,76.94479,60.123238,22.508774,-20.407242,-18.227785,15.492855,-4.698378,-19.299606,-15.049525,-23.90556,170.10387944701645,170.10387944701645,2.154395538571105,0.001979024847969413,0.040963314473629,-27.001501060165538,-27.173861282669332,-132.7525970482052,0.0031735433356460253,1.8659506890814637e-05,0.000944401775767873,0.0017917371267559294,0.0028332053273036296,0.05612784340359362,0.647154808643141,0.012666672295299773,0.026439960250019674,0.06844051678609969,0.8333289779731496,331.9672296545649,2394.287134541887,3224.821362344155,4012.9930661585954,24.693875866033103,1.0,-2.6279695,2.642546,-1.3337897,0.32099482,-473.84036,183.45857,28.582731,32.999256,20.346611,-16.410107,-36.23539,-1.4941423,10.560537,4.5538254,-17.633724,-1.835534,-11.890233,164.18085360853144,164.18085360853144,3.2050485453251922,0.001228024368174374,0.03196514770388603,-29.067803892797755,-28.40736734372823,-128.8869556628135,0.003184069319226649,1.940100307574531e-05,0.0008571887357140676,0.0019103656888598568,0.002571566207142196,0.03795591200335988,0.3521408471186243,0.011155501018908642,0.023571557647930983,0.06061805761502724,0.9055673010336324,945.9045110668646,2562.3977289057298,3337.7969854152816,4119.516765752375,22.087208991643653,1.0,-2.0180595,1.1839479,-0.2707465,0.10768092,-514.4456,161.82791,49.102913,52.513218,23.148891,-2.5708253,-17.626654,-10.532046,15.003575,14.058728,-9.463357,-6.3572135,-6.3466487,164.02127860542242,164.02127860542242,2.876950143193926,0.0012722699902951717,0.03330877795815468,-28.945959362605702,-28.70901137347687,-206.57919119741996,0.0030171645879412054,1.8400747161992774e-05,0.0009077934743055376,0.0018968253134242026,0.002723380422916597,0.05334180331977651,0.5389912555597685,0.015785326361653595,0.03453958710330381,0.09031653625443022,0.9449429667183894,816.1197335822502,2429.8841380851513,3289.4947846125083,4595.904162866262,25.123731762245672,1.0,-2.1253006,1.4251281,-0.43516332,0.136771,1
83,AVPEPUDEA0034a2.wav,0.005336436045924348,2.9746838309497647,16.05529807122935,0.2695175391101158,0.32027052109360454,0.009600451891258155,2.9772090767121706,31.026313803843713,0.32214043281400756,0.5718333760217318,0.010534582509522088,2.8983639675703072,53.55252250733056,0.36578933497489435,0.9487915685177534,0.00035582226710333017,2.27624624561316,28.29717175321081,0.378349908000729,0.5019856985681814,0.003220396485064298,2.368600207038969,51.43127502863218,0.28966235847864313,0.8327718753474252,-399.35492,218.9994,-35.292614,-2.696932,11.573064,-21.590685,-32.203255,-6.144866,8.495205,-5.000087,-11.211036,7.092955,7.51603,105.61273336719357,121.25906423640741,5.549683920531828,0.0012915137922391295,0.034483082592487335,-28.867464912065746,-28.713782672027737,-210.1511798009853,0.003549423795213358,2.9337966367088114e-05,0.000569859066418326,0.0010015643239671397,0.0017095771992550123,0.024725557984806905,0.2000703803023498,0.00918493992630114,0.016311216695704702,0.03940331006081417,0.6455304567690388,1162.7455848694353,2477.269874586841,3469.25773823452,3898.7650172294216,18.358777423290256,1.0,-3.166607,3.820634,-2.0896807,0.4383735,-407.97983,170.7155,-29.23237,12.055696,48.43117,37.516457,-29.12739,-33.09419,-18.041958,-24.750483,-9.902038,-1.3963503,-10.917626,112.83804517831811,131.64438604137112,6.3010624381692235,0.001081149559468031,0.027608847245573997,-29.63121964530025,-30.665314606892593,-44.44634821517021,0.004964123814407272,3.779327663946929e-05,0.000798909668461902,0.0012238997752777913,0.0023967290053857216,0.054484575014098875,0.45419413494173344,0.017400847573446863,0.030849569960299705,0.07962940460539887,0.7230414516166789,436.9464349025812,1839.6603997539235,2476.848789051352,3391.038106181104,16.649336810599404,1.0,-2.8373525,2.9579105,-1.3078932,0.19038051,-462.99628,142.95259,-34.8914,49.385315,64.49637,40.95714,-18.178106,-21.49356,3.272976,-8.381526,-13.660056,-8.575207,-28.848412,110.49372257471087,135.04788314686883,5.258875669063064,0.0008114921511150897,0.025833064690232277,-30.883480940153376,-30.090378060312474,-18.43444335968494,0.005084599118265343,3.770968678975407e-05,0.001084778384643226,0.0014006118841162923,0.0032543351539296877,0.02695544832229828,0.22293146628154709,0.009125488752525193,0.017977668609036514,0.03408481164652852,0.8173701784497974,290.05501295966627,2028.6232393408657,2575.5438872360446,3481.1027572401917,18.339044090731576,1.0,-2.9270964,3.2394717,-1.5852891,0.27559882,-427.17606,202.14836,6.7006054,22.93693,18.82806,-6.433013,-33.589752,-24.076866,9.079872,-5.8654985,-18.289417,-10.893028,-14.856841,112.56304780032092,126.02167308079405,3.0960328706126163,0.0012257220223546028,0.03340306878089905,-29.08352335818207,-29.232016244599375,-156.5865159852445,0.003050982553629458,2.422498560770519e-05,0.0004861994529220847,0.0007668887430329657,0.0014585983587662216,0.02863342406962638,0.22832110675133682,0.01101946643264884,0.01776573811592728,0.03605772603689464,0.7304570114829941,990.603107704187,2318.188355455153,3252.273711476374,4145.227156529468,22.031300610737947,1.0,-2.8221369,2.8724985,-1.2203503,0.17183787,-511.12805,192.12946,24.19507,32.37654,41.24474,8.717744,-33.78883,-39.40805,-0.18520981,5.1189446,-11.622061,-2.6013246,-0.47727695,113.33366959619667,131.78333673976354,4.449764188983093,0.00044727075146511197,0.01884000562131405,-33.482106881438945,-34.591325682110885,-224.82907271712014,0.004229013288247874,3.2128687313812216e-05,0.0005935562700369417,0.0011402240527544853,0.0017806688101108018,0.04053101171894468,0.3398767207913539,0.013722425476540545,0.022302386771628605,0.05778635800168861,0.8314502655910949,712.0958248076512,2210.1305953744777,3033.826898753691,4275.702027504716,21.550228934688512,1.0,-2.360555,1.5723838,0.008467019,-0.21887898,1
84,AVPEPUDEA0034a3.wav,0.011764700566593358,4.260697179823014,13.042354714184992,0.3305202567779657,0.20299505284987387,0.01134781067781916,3.1976966466454595,31.346392603581023,0.4132944983026953,0.672822209777086,0.009160155618656214,2.872363812242368,54.25966255513123,0.32727221674362245,0.9424193734743068,0.006298553576715759,3.0918942710904442,25.885995017061912,0.30390010253405536,0.4738870116650762,0.004067857223127755,2.4858632934165326,51.16931102523252,0.3270684611161744,0.9589200808169059,-379.4493,207.2542,-20.722143,-14.862267,0.8976286,-22.014261,-27.561275,-4.1874824,1.8511696,-3.3732364,-8.09065,1.35335,3.5857933,105.93364239486411,126.74203643671243,8.29706080350058,0.0023077342193573713,0.04345657676458359,-26.342597274087126,-26.129246151977927,-19.520041187848218,0.004803403797439615,3.805194695693887e-05,0.0006820427191748483,0.0013313645185295579,0.002046128157524545,0.03534360665440633,0.30697554367809343,0.01354767793349821,0.023116469726115224,0.06080413129052866,0.6273253576557004,1192.848054544505,2446.858361842784,3343.344578879876,3533.8334396364303,15.690454732544643,1.0,-3.0915434,3.622033,-1.9207735,0.39359248,-418.43198,157.983,-27.11829,22.245306,58.02983,32.621086,-24.408167,-31.245491,-20.134596,-26.556957,-4.6025395,-2.7146776,-24.297955,105.53190490029988,131.41708912112813,5.241374560184592,0.0019738280680030584,0.03657842427492142,-27.007787197264108,-26.606355297350895,-28.668329812786723,0.006520096939578856,4.969788085297239e-05,0.0008301490162311134,0.0012713861298376274,0.002490447048693306,0.06011684584382675,0.4652887422591448,0.023000759972463293,0.03683342337663048,0.08668176232364437,0.6841361766123715,405.1837831842994,1866.6944714558795,2476.838850747283,3584.41847307865,16.37762230741682,1.0,-3.0466707,3.5395668,-1.8575552,0.36629468,-465.73645,139.65965,-36.40236,52.31994,69.3652,40.715027,-20.479202,-24.276052,0.5110592,-6.225896,-16.614923,-6.1984687,-19.35229,110.57235391610615,133.4493926573695,5.493627298623012,0.0006284621194936335,0.02222391404211521,-31.991492635900464,-31.279882069430382,-55.55680279991508,0.005641694834194889,4.2351384504077884e-05,0.0009051637320183632,0.0010411722825495343,0.0027154911960550663,0.032485696798426666,0.29038656659593637,0.012864206221475416,0.019977630665618574,0.029506067669803862,0.8235634515559402,2031.5778087858707,2616.542692672633,3526.9794310682223,3949.214659207961,17.12291384653894,1.0,-2.8386185,2.9757144,-1.2905265,0.15573788,-448.84348,204.98717,8.50393,12.316964,22.878117,-5.7275357,-47.327034,-20.70125,4.0588746,-13.929181,-9.755227,-8.0158415,-19.172781,109.70496710897561,132.2912838667059,5.279627908157244,0.0010229704203084111,0.029308395460247993,-29.87701624517783,-30.006530620298022,-72.63729632806192,0.004484948434330815,3.395694060974799e-05,0.000688261518752961,0.0010785904165383842,0.0020647845562588845,0.04141480311578768,0.30216296772974044,0.015375894805057732,0.024131620817819537,0.05887144943221049,0.6817379287481184,1011.25442911733,2316.5803593022256,3321.2487587767105,4173.264951629284,20.241412337442554,1.0,-2.6641126,2.4250383,-0.8000626,0.041063618,-507.60852,199.30367,22.605556,27.079817,38.014057,4.3771,-38.202812,-26.815254,1.3988805,-3.7883692,-7.6496344,-3.7697427,-9.74831,117.60565025762114,141.12678030914537,6.658133002629271,0.0006570476689375937,0.023786025121808052,-31.80834148116876,-31.587778046141214,-66.5623732550542,0.008815838760025806,6.261643563205022e-05,0.0013287279610355574,0.002248524527383679,0.003986183883106681,0.03472845717382369,0.29196468475957177,0.01752299774541234,0.026320787058617515,0.03883174826106172,0.8152489982420745,2209.343963842118,2722.04227788157,3075.309659736821,4213.28352213507,17.93534966589203,1.0,-2.323397,1.4559908,0.113321394,-0.24461526,1
85,AVPEPUDEA0035a3.wav,0.010425398448662162,2.8011165832321283,16.72569096107663,0.38587551266233755,0.5725889069562531,0.029988477201643306,2.806494249018042,32.78308914956661,0.8687903912821077,1.34386020803866,0.01596922187990214,2.6053739229643282,62.344907340672904,0.7040984312860669,1.4716038634771451,0.008402101091924751,2.3325172655849236,39.275441943902266,0.5787193362307247,1.9562670809219667,0.003688157629211935,2.2928830322446023,94.52018693776502,0.4494461557832371,2.7190918047449353,-312.29672,107.54585,-25.597961,-3.7522583,-56.47188,-17.049072,-10.916016,-1.5503256,-7.1718655,-15.024854,-11.052715,-0.58251685,-2.3188655,17.10456100201494,247.06588114021582,3.8933707669782924,0.005026265513151884,0.0625903382897377,-22.972649984322715,-21.903955833379733,-67.2064596912849,0.0029500231286894536,1.1943294066635004e-05,0.0006011450439227977,0.0018002661908572267,0.0018034351317683572,0.03304815450847057,0.35932975289012703,0.01524750078348669,0.02027480175902564,0.044218296112959694,0.5865899445954845,1250.1223320210038,3024.5600230445593,3812.5628754072472,4417.296819040412,17.37347435612994,1.0,-2.2373538,2.08371,-1.2785708,0.45178968,-317.7483,76.070854,-44.349415,34.457912,18.018198,-3.9116936,-46.1298,-39.47871,-7.249892,-14.338366,-23.043661,-11.818327,-9.747063,27.93661544009733,246.77343638752643,10.034062977066494,0.01660320721566677,0.1025453507900238,-17.78413441737743,-16.339021477249734,-294.35572284612573,0.004743827129869422,1.9259446540857686e-05,0.0008860318148730307,0.0012361499699879881,0.0026580954446190005,0.02298881717020705,0.5743174523943,0.006232984488439534,0.00908745318091596,0.04397072151656299,0.6004762798896763,1813.1199225573575,2353.325506066514,2438.600927106935,3277.966267917058,20.913706889557524,1.0,-2.3869317,2.019964,-0.72566855,0.10084131,-388.27283,61.54651,-36.46586,79.32455,19.78084,-0.04176731,-34.836834,-9.7373495,3.5815554,-16.3658,-25.962744,-14.420032,-3.8420582,109.78692646909563,174.66101938265217,51.79823294759522,0.003374645486474037,0.05129776522517204,-24.691167287629128,-23.302218443115922,-22.968052424688445,0.001662186644225964,1.0240220403646213e-05,0.0004056254234111403,0.0007709991751572962,0.0012168762702333932,0.03663617909404681,0.35351588808257006,0.010363526204603637,0.01985814636647707,0.043597273721096945,0.7758217434702305,2626.1460497422986,3180.1840456549553,3712.166256498595,4796.388548756662,22.227919803975954,1.0,-2.5592055,2.700718,-1.4956203,0.36199874,-371.06735,119.78238,4.8960056,23.2726,-54.13462,-31.925331,-21.63862,-15.445858,-8.184475,-1.2737443,-17.831045,-21.214624,-5.5640173,19.241560159171623,227.05040987822517,23.88490346286878,0.007765921298414469,0.07753290235996246,-21.06892037329554,-20.772219537847345,-26.91033704407721,0.01633625066225039,7.296120644746966e-05,0.00301568208664025,0.005762853138476462,0.00904704625992075,0.12436477260969207,0.8848518319427967,0.0262172128898579,0.06582691287377047,0.040691073239867676,0.598353118280061,1037.5738532129815,2568.756500044883,3137.0474166800886,4505.583351758103,23.40619883778581,1.0,-2.3893483,2.3206387,-1.419062,0.49702054,-496.91473,112.17846,39.527878,57.376034,-7.038567,-3.0073428,-15.4070835,-17.04858,-6.4308934,-0.19486633,-19.643944,-23.268164,-3.1609473,171.75626923317586,216.4599557459202,40.70086696175123,0.0011124849552288651,0.029362725093960762,-29.514631847131078,-28.954623903660647,-23.418503852936695,0.004334313207890105,2.096901811585059e-05,0.0009789878148647058,0.001663449010982836,0.002936963444594084,0.03662192982305957,0.4642629209344953,0.008754178318359548,0.014686550838132206,0.046803016306638766,0.8154226029077355,2134.647903324392,2804.2510926917657,4521.10172318236,5530.0753790956705,24.84102168815703,1.0,-1.9901681,1.5812408,-1.033608,0.44544524,1
86,AVPEPUDEA0039a2.wav,0.008037060326071903,1.6727388347595478,13111.600500346629,0.5871022806163777,3451.485787585464,-0.00719024900372697,1.2940003096372779,45534.53108627468,0.4722507165787541,3577.5586249768835,-0.0022131649698888473,1.741327082419774,109.77619524774704,0.43218561349355533,2.357711367401111,-0.011937437973727377,1.5489389935395181,53.99904752274812,0.37439524620815234,1.3644721019169743,-0.001291090432806256,1.9304523345362168,78.80396759615904,0.6287723250141107,1.8908983199833587,-381.28915,171.59032,-6.6352124,20.352167,-30.377043,-11.958623,-2.2089791,15.899758,-7.3574944,-1.5920464,-11.781932,4.1830487,2.197236,161.75881297585283,161.75881297585283,6.566429829325021,0.0012211286230012774,0.03301393240690231,-29.12201035328883,-29.16460679262839,-29.488485807417796,0.008944102340020375,5.538476718969858e-05,0.002617342549753459,0.0041223995599846824,0.00785202764926037,0.04193227909148363,0.4618623758102297,0.019981243167240682,0.028594710844279923,0.06463510639968553,0.9115302013236316,622.3673604138934,1254.7275784585127,1793.9651498325575,3093.3455172143435,16.91525897482318,1.0,-2.2248938,1.8823227,-1.0033284,0.35187426,-347.3106,164.1281,-46.045452,25.198587,3.465208,16.368576,-17.182762,-26.149914,-29.90571,-2.2069097,3.3076262,6.3696723,-3.5779827,168.53356567601858,168.53356567601858,8.256832762264112,0.0013781053712591529,0.0351373553276062,-28.578082810110047,-28.610630965116098,-18.85185158802395,0.008080522521498929,4.8075001156326814e-05,0.002815745323294975,0.004453848820781264,0.008447235969884934,0.04105750286365722,0.428527428245208,0.018003831296184363,0.030078971516483664,0.06225936802244782,0.8093773912411751,541.2786364180251,1749.6723993095777,2449.817618164156,3494.54872934793,14.176701051649209,1.0,-2.5537374,2.5378458,-1.3104665,0.33413875,-423.6738,148.00565,-19.099682,49.751133,27.624464,22.741741,-16.961958,-22.976234,-29.205738,0.9769115,-1.2674731,-16.23514,-19.708094,177.7624045008135,177.7624045008135,7.9248582998442405,0.0009974406566470861,0.029958834871649742,-29.98473274718712,-29.986706688017453,-57.558580859413325,0.004996906937678682,2.8169070985760385e-05,0.0013341820039761596,0.002359735983684795,0.004002546011928451,0.02950754634532429,0.31427350056765135,0.011739992724576128,0.02008118335796146,0.03586609041273043,0.813278248647639,419.4217269490985,1980.980317109496,3032.657400390505,4161.73202923106,19.53738231706605,1.0,-2.4957988,2.3601503,-1.1299542,0.26903442,-445.16544,169.86107,53.325127,13.435047,-50.162445,-3.8596718,-9.302106,-27.15816,-30.606533,25.156672,-3.7302341,-9.987068,-7.4217205,180.70563308933984,180.70563308933984,5.194922681395021,0.001467710011638701,0.036521777510643005,-28.335632934260833,-28.202848625272864,-209.81551903473806,0.0030105345101168004,1.6673837406570662e-05,0.0005661243760488676,0.0011038239249056448,0.001698373128146563,0.019844743238656922,0.232668390462101,0.007291194768284179,0.0128674503003549,0.02642868241144627,0.7158699764476854,876.2829123833458,2056.165049097311,3869.953610448045,5198.796952186582,22.740641051978017,1.0,-1.86448,1.305161,-0.97054225,0.5401919,-453.214,160.61438,39.00825,40.03819,-18.436447,-5.7857556,-10.357475,-22.779354,-15.391306,5.1742816,-16.158281,-12.365581,-8.420062,189.54261315724935,189.54261315724935,4.554846835176025,0.002589130774140358,0.04728877916932106,-25.836973780539616,-26.19310118905676,-167.8022778728873,0.003332235844652266,1.7590605678077736e-05,0.0007510075177752822,0.001310923460219285,0.0022530225533258607,0.02861939650562458,0.3069150314819658,0.007944935578985568,0.015293285815313433,0.03287704718631284,0.7774076499901961,347.64011565585275,792.5551827654705,2316.945978178054,3875.42796731017,27.654755783383724,1.0,-2.2124114,1.8865571,-1.101611,0.43126363,1
87,AVPEPUDEA0041a1.wav,-0.007272573382328694,1.1757333910165815,118813.59658291008,0.35899610679543664,5260.148590531065,-0.006071368650160173,1.4240800543462344,6501.091039739234,0.35864959007024605,475.44860131855523,-0.0005996936081550375,1.822347766434897,416.83908323211716,0.3337530482502912,17.000184579130938,-0.005273439652321523,1.3716060971942734,37074.75382515551,0.3148665400796959,4171.253978233464,-0.002599253981798065,1.71551992263558,215.84840803972205,0.3485966603166821,5.423729479007793,-490.31238,212.61577,11.758974,-9.403766,1.0036259,-26.27606,-39.015606,0.6772338,26.332308,0.4002516,-9.769369,5.0530295,-6.7209716,172.23977923140004,172.23977923140004,9.709179083955998,0.0009393334621563554,0.028064128011465073,-30.252769374978573,-29.925414190239785,-110.25112212678698,0.006187602516583433,3.6046909191993496e-05,0.0011406590097632911,0.0021738117267621135,0.0034219770292898606,0.03714582481044739,0.4957440821453929,0.012286363796275524,0.023111307593492936,0.04682381603652111,0.7796711770303465,672.567425715658,1042.7566437234602,2670.474036857624,3320.2425921144772,19.663457942312103,1.0,-2.277042,1.2363172,0.38789117,-0.3442317,-510.68478,175.88033,-0.67900103,-2.7773685,40.585785,20.66328,-20.705074,-15.152201,-3.70626,-15.967445,-10.913129,3.4763288,-2.6177053,169.02250877781245,169.02250877781245,8.967165850829112,0.0005748005351051688,0.01857936568558216,-32.4013807023909,-32.26567578530893,-175.39233453681518,0.00480772831881641,2.8530930514027084e-05,0.0010202694068263852,0.0019097896356760969,0.0030608082204791986,0.05682299586245897,0.5428408649517223,0.016985843465369677,0.031040516582686153,0.06562160669334018,0.8500606793430828,459.0564306215748,1972.5213545477332,2137.760421767257,3099.416530547337,19.235278141053957,1.0,-2.3045483,1.381966,0.20518482,-0.28123632,-540.2476,158.61198,-16.056593,16.921045,58.741924,37.477577,-5.2909613,-4.686958,4.8610706,-10.709541,-16.079494,1.0997372,3.7330878,172.23311714685704,172.23311714685704,8.239694090278697,0.00037746242014691234,0.017409639433026314,-34.193249580203855,-34.55460002660873,-134.46208281678204,0.005152791178495548,2.9991199034785315e-05,0.0011225721258830486,0.002091260722755917,0.00336771637764917,0.051467323978628916,0.5150365879070824,0.015086674249232178,0.02987403579424535,0.07438574713706303,0.9141263637790642,1611.2493664870694,2353.252206206286,3026.3416720745477,3275.3815144762893,22.255627433051558,1.0,-2.2895474,1.3544447,0.27460927,-0.33877087,-556.98145,185.76581,43.012974,23.026466,20.08172,-11.6029,-44.83558,-15.966888,11.843309,5.9861727,-0.9046695,-3.4390788,-0.99014574,172.06962167481527,172.06962167481527,8.096222154285114,0.00048733060248196125,0.0190838985145092,-33.11022432123793,-34.711152337945066,-184.04549804502142,0.004511226905810762,2.6277775302853204e-05,0.0010094213992580048,0.0016096008969885942,0.0030282641977740555,0.04528412180682648,0.5539031600808755,0.013201014750900249,0.023241188399762486,0.048630529465154365,0.8480699501253627,832.7804320075799,2453.0500496970653,3051.924106128551,3550.166857374686,21.509249222167824,1.0,-1.9046427,0.6683068,0.39978427,-0.15998824,-592.11206,167.62596,59.214542,37.599052,27.639479,9.710278,-21.17607,-20.897276,2.777526,5.4981585,-1.0203736,3.2521465,-6.4226885,171.4031427251703,171.4031427251703,6.841611182284899,0.00048312931903637946,0.01996394246816635,-33.159661358013224,-36.55204999304815,-105.06253209645479,0.005465525870209819,3.1937914774365506e-05,0.0014903654390530333,0.0024684049507818265,0.004471096317159082,0.05300374545114498,0.5742288054066843,0.014788988499129218,0.03186812481110231,0.08560321031953874,0.886759840184181,711.1362983177211,2426.9025657368447,2731.1461415324266,4131.36796380162,22.847525236621305,1.0,-1.6083815,0.27771437,0.28663066,0.046770994,1
88,AVPEPUDEA0041a2.wav,-0.014903509557119844,1.0730912402696937,290372.31357505673,0.30300415193229885,7681.10152617256,-0.005179352345875483,1.404825600058177,28361.48443627224,0.27713556627586333,3977.251361001052,-0.002335710243346878,1.6994268422234928,665.0354236271795,0.3150739602277061,33.59282356543648,-0.00689062918089518,1.3450838891535493,41776.37981645612,0.3298242264400589,4572.858793093253,-0.0012744862686097846,1.8143727922011077,123.78834351120337,0.289638642645371,2.9342927487436685,-480.11252,199.96077,8.515052,13.066833,-6.994848,-36.961266,-33.621838,-6.032373,29.33188,1.0759776,-24.94709,6.914901,0.89602137,172.52601153149578,172.52601153149578,8.601574102260251,0.0008552591898478568,0.027051640674471855,-30.66444269986604,-31.60048658757164,-26.451232851796643,0.005572545848130954,3.238720646455518e-05,0.0014392871570569825,0.0023818291189723682,0.00431786147117094,0.0360089125326205,0.3401270129520876,0.01364484980669672,0.025632732800196723,0.05856867009094608,0.7538915565205807,643.4164407316554,1021.0968390301769,2812.545387843716,3448.601888206178,21.96502562293696,1.0,-2.3883672,1.6441684,-0.09161115,-0.1604266,-499.5913,195.55394,1.377306,-10.752715,24.854446,13.204419,-22.8776,-9.852608,-2.4069679,-14.569706,-21.177357,0.4131442,3.537751,175.5093141315846,175.5093141315846,6.938793399171346,0.00043174994061701,0.019637834280729294,-33.654904512910264,-34.96667407286037,-59.834476096140605,0.003802058734687466,2.169939595625071e-05,0.0009734923318366191,0.0013457118872242917,0.0029204769955098802,0.0284555806218332,0.3135878741867035,0.011223500701722237,0.01882770283567243,0.037351845834697445,0.816870663748121,1237.094000035752,2069.1242537678413,2912.5756202193415,3232.572596000154,23.906368616573346,1.0,-2.1693711,1.1826246,0.19074821,-0.20147371,-529.5953,157.46362,-7.42055,20.243479,51.69262,38.989334,-15.527631,0.008507044,5.9601846,-12.342921,-20.86065,-5.66142,10.132173,175.48679452518377,175.48679452518377,6.474208408105667,0.00038835525629110634,0.01889222301542759,-34.09404244219901,-34.45157050495781,-154.10631948485508,0.0032477735521009928,1.8533774198061867e-05,0.0007513510353799333,0.0012077043169200859,0.0022540531061398267,0.03673393979921036,0.35518063967242386,0.012347194214504975,0.022925509366834008,0.05148621639076113,0.8924368816023133,1580.2919683703074,2525.691018699152,2911.5527232783625,3159.661378734254,24.653059941061606,1.0,-2.3221073,1.6713384,-0.27533782,-0.07253058,-519.0354,191.03589,38.189243,19.964369,21.428055,-12.3141165,-49.319973,-15.792581,17.169321,3.4971135,-7.6963973,-0.91110045,7.5875587,173.34980706588212,173.34980706588212,9.129715729706222,0.0006150159169919789,0.02283572219312191,-32.084449085443765,-32.89054858688053,-165.17129014178238,0.005085621905878851,2.9423519811487243e-05,0.0008186103298060168,0.0014218385539837522,0.0024558309894180774,0.03176227340647878,0.36481515962031097,0.010007710155185688,0.01819572039332192,0.04470289175455348,0.8271754780847824,850.0608182441597,2612.997264210614,3220.237852909241,3409.3947437687552,22.74181411724888,1.0,-2.1019042,1.0969983,0.13865924,-0.13054629,-572.9135,180.72102,57.5046,20.302795,7.4970593,7.156242,-19.476774,-20.751087,-3.792281,-1.5297006,-3.271399,2.488138,-4.213237,176.6593353803993,176.6593353803993,8.258850015454264,0.0004209283506497741,0.01943642646074295,-33.75073261213102,-33.91376910189732,-106.29064847048923,0.005517587844043609,3.1303659379143844e-05,0.0011029833303070058,0.0019515256342392008,0.0033089499909209827,0.037208708531881025,0.4170350406567085,0.012486755848389092,0.021645090499071835,0.05094735476053621,0.8360912497970117,736.0555170196113,1886.077300058321,2732.806737760038,4448.580083427561,25.550018014924998,1.0,-1.6622242,0.45625812,0.094707474,0.11481485,1
89,AVPEPUDEA0041a3.wav,-0.0051550495693803025,1.2260282832372689,73407.79667022325,0.4010268383495902,4373.238602626739,-0.007907936905964351,1.4013023371049633,23299.162613468055,0.43509626748923236,2539.232641120378,-0.0014220932118113817,1.7857909658088782,3372.650366139481,0.37839993251072235,668.8785007265285,-0.008446897338759134,1.319935072808176,50014.30550309935,0.33358649573102095,5252.930928508918,-0.003255546455768919,1.6633018219674385,13731.389960813562,0.3776748589600138,4975.079195476146,-465.0376,225.11752,6.198074,-9.092559,1.4434961,-29.813406,-44.001366,0.991616,28.262905,-2.6849563,-14.395519,5.0363555,-6.4017143,175.31733168720203,175.31733168720203,6.955141097443258,0.0012233327142894268,0.03451821953058243,-29.11055649135513,-35.137351065965234,-215.62168951428225,0.004938174183547879,2.8213436024794665e-05,0.0008935259716543873,0.0016036471070376408,0.0026805779149631217,0.038556232561309196,0.3710669905523814,0.013191063626056772,0.021583038923175472,0.046549728729137214,0.7725865770856284,675.2773260257368,1042.7106361208266,2655.6243135143877,3318.4648833043825,20.586293027037264,1.0,-2.3385103,1.3828583,0.27805704,-0.3197643,-482.1376,190.90707,-8.195401,-1.0546291,48.210087,22.31625,-27.005259,-19.592445,-5.4565883,-19.032742,-12.959221,3.1802182,-2.3861222,168.9027756909435,168.9027756909435,9.443096196957663,0.0008475995273329318,0.025058181956410408,-30.700296607034502,-35.10457435390688,-171.19446600208357,0.0053409518493798035,3.172799190509834e-05,0.0009074070072784469,0.0018114485690813196,0.0027222210218352887,0.04275853935505689,0.3595948354364848,0.015362224886071018,0.028431197138666698,0.05896767811687707,0.8417513098247427,462.2281281547168,2078.9424704645335,2158.85615406779,3080.7643632038194,19.546817997934717,1.0,-2.3924663,1.5992676,0.029631019,-0.23521562,-516.7681,167.79407,-24.200197,19.053192,63.847153,39.173298,-8.5772295,-6.3630867,5.7131515,-12.343557,-20.21612,-0.44410858,6.3154044,173.02118188499784,173.02118188499784,8.208934899972952,0.0004995199851691723,0.0214573722332716,-32.99882041487266,-37.1138711739533,-100.43060443948269,0.004943681215610657,2.8642239498720743e-05,0.0013318747348245903,0.002124402721810009,0.003995624204473816,0.04877017653978644,0.416201338917017,0.012154449132262444,0.027537433928544002,0.07915787773893053,0.9087766195334,1602.5035492939153,2390.0179594369233,3016.205871314198,3283.21106170984,22.546516237725854,1.0,-2.3537934,1.5170448,0.13619131,-0.2987738,-503.24954,196.6333,31.58439,17.45821,20.4038,-14.481233,-52.809345,-15.566372,18.21029,2.7526712,-8.50984,-1.9207782,7.8348293,176.2789587393861,176.2789587393861,6.9171187075975284,0.000702780089341104,0.024779485538601875,-31.580699161527424,-32.073975191544996,-232.5517005110455,0.00369487378571736,2.0994982516255142e-05,0.0006877559386180757,0.0013099012021672728,0.0020632678158542493,0.021828220835808328,0.18966882205386829,0.007533061399052997,0.01321221293391736,0.031575461628603405,0.801667676630635,855.5437917722007,2613.9419718934605,3212.4767232225627,3365.2965640715365,24.04556838398875,1.0,-2.1449776,1.1979148,0.06552565,-0.11523338,-569.4791,182.71022,58.074192,35.37287,25.270092,8.63267,-24.42986,-23.733723,3.853064,4.107949,-4.872534,2.3589153,-6.2468414,173.24104141299458,173.24104141299458,6.5139118918727945,0.0006078622536733747,0.023941338062286377,-32.20095523801899,-36.55204999304815,-209.7621644128911,0.005041559651542164,2.9143403135505662e-05,0.0009781996455383074,0.0019888370704861285,0.0029345989366149636,0.04409544180282778,0.4266051436877913,0.015951624731310295,0.031160561279910928,0.06358148685763369,0.8725393735292997,717.4480453199145,2463.3955036171933,2732.54977520062,4023.270042663573,23.684634620599567,1.0,-1.6692537,0.35745782,0.30896306,0.0053814827,1
90,AVPEPUDEA0043a1.wav,-0.003241910320326117,1.1303156637258476,109.97503187560325,0.18059694633717208,1.5511995700710088,0.0011025867197235386,1.4782972190862256,14680.499613183627,0.19495123122074853,1492.891763116515,0.002062007566312176,1.8569074169572815,323.50145176872337,0.22463679542825152,7.64082049301238,-0.00543044701246878,1.5846386695499979,51.131317337395764,0.24040780816587518,1.0009896165839687,-0.0013436246681544305,1.5195172124665424,20975.26120792716,0.2661676548610049,3362.9548015644673,-449.85632,218.71352,-35.76634,-35.23539,4.9652963,5.8696938,-22.135605,0.8928935,8.786652,-9.931949,-8.228662,5.1847825,16.758387,137.1646073037835,145.30149078790626,5.846017947414261,0.0002658235898707062,0.01563628576695919,-35.74696255957292,-35.14270619015785,-213.08764073480697,0.0028312206377447383,1.9517564254509737e-05,0.0005464247984872496,0.0009928789187098855,0.001639274395461751,0.022682443377549284,0.2802746602966904,0.009482818785172105,0.015499527422444821,0.03474072765715072,0.7867423446954236,1342.5761269670902,2477.1207581145472,2809.7327828744665,3228.1471061203483,18.399646775228547,1.0,-2.434135,1.6876936,-0.003091693,-0.24570411,-481.40814,166.40968,-33.64379,15.128574,47.85406,41.900124,-35.995945,-26.309,3.237915,-13.164082,-7.1820016,3.3663797,-7.7330155,144.8576161257524,146.198890349139,6.4308273048395,0.00014558550901710987,0.011569456197321415,-38.371234385944796,-37.19864145037416,-77.99227412786435,0.003196120880644312,2.1906032463037863e-05,0.0010083777163967353,0.0013395963010775264,0.0030251331491902163,0.024493885293619885,0.32788983996082793,0.011880269660844075,0.01824070722818194,0.033386795644635786,0.9306864284997101,1972.5890958601724,2487.7598158979768,2833.022034419488,3316.9143702830834,17.55635066947418,1.0,-2.5777748,2.2398155,-0.5956505,-0.06155347,-530.0976,132.22946,-13.481418,47.051174,52.18334,25.768219,-31.813656,-3.1932168,20.823332,-20.93399,-16.453358,11.541361,-12.5577545,145.4418070764111,145.4418070764111,8.157374976889958,0.00012756891374010593,0.010536815039813519,-38.94846789417893,-37.99321936822308,-131.40567999293125,0.004072813633626535,2.8092217069535064e-05,0.000854187004829805,0.001451076022978121,0.0025625610144894193,0.03450868075084816,0.45699829766426675,0.010902587596350547,0.01898311698181102,0.04711329081361676,1.0177112786918339,324.0719850434753,2059.125879086212,2958.045481196128,3391.7069739688895,19.21263516223208,1.0,-2.507644,2.1127746,-0.45220226,-0.15013224,-515.379,199.17648,22.666607,-0.34889036,9.819392,10.622506,-33.565487,-18.6201,1.6251407,-1.6521465,3.2015555,-0.35408086,-1.1658734,150.33209393231684,150.33209393231684,9.383394187924118,0.0004310838121455163,0.017973139882087708,-33.621586225615914,-32.65530458484596,-81.84383228225518,0.00582520836233728,3.8905500524460035e-05,0.0015678024373153418,0.0019836769884178907,0.004703407311946116,0.037766763125795244,0.5288772125452481,0.013638221003245955,0.020764920465596814,0.043255544875049505,0.7789236053777558,833.3692641246469,2077.104941951385,2976.746899428629,4187.049911713901,20.25272729911044,1.0,-2.0604484,1.0953999,0.021032296,-0.05121704,-545.84235,180.62392,29.06069,21.638622,20.777254,15.494036,-11.727503,-19.667347,-5.6591396,-9.635166,-4.8293695,8.700018,-3.9279244,150.8177060303457,150.8177060303457,10.598510089530135,0.00023829082783777267,0.014020472764968872,-36.18393682151422,-35.38086329457796,-20.74872073891864,0.007471971451777061,4.980233171717363e-05,0.0020303403001671527,0.003747544553672743,0.006091020900501443,0.03787011263963206,0.477740097543007,0.012535400995090682,0.019063185429647814,0.0441082930084936,0.9392106450821704,1909.352024846586,3069.9727203112107,3331.92174852946,4908.520070001151,22.89190881814189,1.0,-1.8407589,0.62472814,0.30737388,-0.08837468,1
91,AVPEPUDEA0043a2.wav,-0.0024725642123067286,1.0426835787938538,489385.2149192094,0.1851981379287537,7292.9963198976,0.0018206430558739982,1.5151828080926173,20222.9131133684,0.2442766740326121,2905.5909554637824,0.0017419056762007148,1.8838864081018447,256.38101971839495,0.2909778139008078,6.055460558699437,-0.007339322080215097,1.3802907497580936,540.4069485914509,0.40453183329903925,12.720265331297265,-0.0031638182380705955,1.6492795127080364,315.1635001618693,0.4984971889681791,8.22177029830356,-472.30432,207.37608,-27.061237,-25.423754,6.5533533,0.058210917,-20.866592,5.5910263,6.310212,-12.912417,-4.2740297,5.5818615,12.39981,130.83342675800688,144.3214088980076,8.529224048386897,0.0002647827204782516,0.015088614076375961,-35.732267125049376,-34.75082135046805,-39.72623052773759,0.005373046746657038,3.736033704716406e-05,0.001223760126719191,0.0020735322395419435,0.0036712803801576006,0.032033797592916226,0.46728588401732085,0.01265304763718108,0.02195169758414849,0.04572959839626388,0.8078546533495155,1331.9299076344776,2474.709215658434,2780.2493755026776,3265.245759719843,16.435531318529783,1.0,-2.448735,1.7381916,-0.06145531,-0.22364743,-478.01227,163.55109,-28.409744,23.486656,45.62874,36.046883,-35.318893,-18.885458,6.874587,-12.030368,-7.458093,0.9690741,-10.472938,148.42981375618467,148.42981375618467,9.491535608330958,0.00022208811424206942,0.013819793239235878,-36.51814865046168,-34.92566769701173,-57.604110810795866,0.005002796562740949,3.384660346455258e-05,0.0012194960345176967,0.002197975587085442,0.0036584881035530456,0.028949222443499352,0.40473252195743437,0.012844295797266715,0.02055212398782021,0.03525030203562862,0.9369648852131384,2004.0343399130884,2555.83825261816,2916.8379225226086,3363.465567324351,17.48372556528218,1.0,-2.639697,2.395424,-0.7226442,-0.029043611,-503.33157,144.50378,-15.365529,54.052593,49.907974,23.906256,-31.362627,-3.6670902,24.495039,-21.177923,-19.34741,6.899738,-17.521889,151.23407943827965,151.23407943827965,9.889232544203693,0.00023441601661033928,0.014078973792493343,-36.28578648759925,-35.40809626705105,-126.19141793794729,0.004111186430431371,2.7308795965250596e-05,0.0010933173945715721,0.0016039571583009872,0.003279952183714705,0.02764903314262357,0.37273195079721383,0.009764804208683493,0.016070805108422206,0.03410171951442918,0.9994028379792894,313.1806304490005,2099.297044457647,2988.896177592142,3425.2573266639624,19.874401791473648,1.0,-2.613171,2.4266071,-0.79434586,-0.017190225,-493.32242,208.33267,21.411402,4.842204,13.749942,11.10921,-31.827562,-17.719212,3.90728,-1.7931325,1.8376466,-2.6535826,-8.162234,162.3831847916619,162.3831847916619,3.7722237033264525,0.0007632541237398982,0.0254556555300951,-31.167386589148677,-30.847269919815982,-223.12532254675057,0.003788486872483093,2.3342990973246788e-05,0.0006986315473234616,0.0013600998974674426,0.002095894641970328,0.03565783883756801,0.3969687572941045,0.008244112846989133,0.015771412003647126,0.03958019317320213,0.8472822083353394,849.3720236870047,2137.1882239343495,3143.3367294672403,4165.334320560757,24.185701919191004,1.0,-2.1707983,1.3168994,-0.093810365,-0.049477417,-524.55963,190.51721,40.2874,31.436802,24.157223,17.010494,-15.332791,-26.992533,-10.2118225,-14.557149,-6.3109856,5.1767373,-9.431793,157.48891292213196,157.48891292213196,8.665410050674978,0.0009007223998196423,0.027384739369153976,-30.45432402237447,-30.89543351626067,-174.4653606107731,0.003540160550971744,2.255407982030337e-05,0.0008318066427654008,0.0012221338669688303,0.0024954199282961834,0.024934325641720646,0.31225234638518734,0.0071371420057327675,0.011453887022027449,0.023768832919728585,0.904712229306616,555.2745866975897,2001.1585438759691,3331.360473927594,4015.5292462813554,28.553425460756124,1.0,-1.9248434,0.8588881,0.07652127,-0.008336126,1
92,AVPEPUDEA0043a3.wav,-0.002093159871750596,1.057211090197656,268402.55187926575,0.1928295174733194,4430.613633423217,0.0018090214005805976,1.5095796741420895,22009.42708445073,0.2459228766658601,3208.7648330488964,0.0017075666433848393,1.8741430746877676,274.2860382331341,0.28973946698422137,6.744638564001239,-0.005059208514857884,1.5021947760235101,214.46934178116373,0.42068168128567635,4.461015217082983,-0.0012999620956530825,1.546010219174576,443.40697625497256,0.22777509611866317,10.866961226896116,-454.29462,217.77277,-31.78122,-29.938902,5.2135997,-1.0545387,-23.685549,5.195452,6.378808,-14.663125,-5.6104918,5.021114,13.139294,131.0153171495324,144.4146109489164,7.480677604248406,0.00029187992913648486,0.016492163762450218,-35.32101804479341,-34.80689074722758,-154.13675742141334,0.004543888265090434,3.155240657922303e-05,0.0009141880230095618,0.0015290400738283095,0.002742564069028658,0.02974587023371154,0.3863232372590908,0.013048317143434216,0.021316744689374834,0.04524623051982636,0.7999316170868954,1331.8417749081652,2474.3886599826524,2741.6876839321917,3266.352098066246,17.160907213173424,1.0,-2.4716854,1.7999773,-0.11731291,-0.20671275,-475.13474,164.79666,-29.468824,22.77409,45.82126,36.170055,-36.330536,-19.348309,6.856046,-12.218239,-7.7642894,0.78657305,-10.538754,147.92394873697077,147.92394873697077,8.743042421730511,0.0002269495016662404,0.01405592542141676,-36.436502960456416,-34.98164068717796,-91.66020691798073,0.0038459216407177223,2.6094893045595913e-05,0.0010343151465710908,0.0018576117125268497,0.0031029454397132595,0.030041581353309817,0.418906113701976,0.012793056166244514,0.019732911448189193,0.032807119183356825,0.9348965796881689,2003.9433964362509,2554.7319664728375,2916.4910389907504,3363.215409779984,17.81332393109065,1.0,-2.64317,2.4049091,-0.73165023,-0.026054516,-505.05533,143.98813,-14.786097,53.755917,49.590614,23.832254,-30.89036,-3.5088866,24.359926,-20.805859,-18.984085,6.9031167,-17.292324,151.2283263794172,151.2283263794172,9.819064885053871,0.00023189316561911255,0.013946977443993092,-36.32245241791302,-35.400109889742964,-125.74309987934993,0.004534558515140136,3.0119521134800475e-05,0.001123899491196357,0.0018892142622000932,0.0033716984735890436,0.02783824951413459,0.36301453079795465,0.009995822750308025,0.01720798301732701,0.03430570795734176,1.0010519145958587,313.1149357374784,2099.0682231619858,2988.831397961408,3425.1309930589778,20.132020457587405,1.0,-2.610681,2.419939,-0.78798157,-0.019373389,-483.44244,214.0517,19.8443,3.4415522,13.254095,11.601337,-33.981415,-19.25351,3.673417,-2.5044017,1.4734762,-3.2408504,-8.964914,162.0058109786451,162.0058109786451,3.309617548689886,0.0008223075419664383,0.027186259627342224,-30.804356277224546,-34.711152337945066,-159.77720504639262,0.0029694753868970544,1.8337141462896712e-05,0.0007680851542330321,0.001296320878985945,0.0023042554626990916,0.03549496314372435,0.4086143188197316,0.008894470708869683,0.015601572579653658,0.03812512164768471,0.848328088545125,850.3499725936124,2134.6006982557287,3136.988622406227,4176.203987635302,25.280108348514368,1.0,-2.1912663,1.3640246,-0.12715667,-0.042836595,-557.43384,174.6468,34.37904,24.615366,18.804865,18.486702,-8.949123,-22.289291,-8.442182,-9.543038,0.035640653,6.8013177,-8.958952,151.8272734401175,151.8272734401175,8.93588476975018,0.00017913433839567006,0.011568931862711906,-37.40387893379496,-36.55204999304815,-95.51023623703688,0.006355795415268809,4.2008681487256195e-05,0.0013748552989713803,0.0020260308363401675,0.004124565896914127,0.04750706946218491,0.582277110288851,0.011915682974730946,0.022351034501170493,0.05241619425966677,0.918938979457546,1926.2998506421525,2704.1295528127835,3365.760191035046,4733.8610453622605,19.786703307122878,1.0,-1.7524519,0.54001236,0.2132364,0.0026170188,1
93,AVPEPUDEA0045a2.wav,-0.0035846875164116834,1.3147084584151283,48165.490119325375,0.35322764359992326,4889.603632386046,0.004661461080533844,2.3275251540377915,48.10574032471686,0.5241188992234996,0.8181539995888893,0.002705653512396221,2.1158597119647657,153.92733993322918,0.49372329570467066,3.9005613427478942,-0.0004485697807402567,1.6904335448181746,296.5504756741476,0.47148393644056835,9.64801551210176,3.406778414347263e-05,1.939281392709756,130.3497810933874,0.4600799034026652,3.1835919920263818,-356.36038,152.16536,-28.182264,24.764313,-46.014057,7.04278,-3.17499,0.30031443,22.073883,-17.80408,-16.259901,17.426567,-8.650073,184.68147807110043,186.85420134252513,6.904821767963675,0.0009362576529383659,0.029748767614364624,-30.28725698730689,-30.50636067597498,-35.50992795625428,0.006017157728407861,3.2244930821216856e-05,0.0015097486001961783,0.0032715250739836573,0.004529245800588534,0.041235776537736586,0.3978437039906913,0.018975458245755854,0.032631864945907335,0.06125729880898967,0.7849521444093156,945.0261502117485,1303.9914094635055,2965.684967705757,4050.9073511767006,16.26191884788579,1.0,-2.6027002,2.9923778,-2.045101,0.6658682,-368.8764,104.8729,-10.079814,61.223606,18.34923,42.176197,-26.581274,-30.0108,6.6686726,6.2072997,-10.807635,-16.379147,-21.037184,180.2199124226726,185.64822303781335,10.45747920261978,0.0016170862363651395,0.03763934597373009,-27.905112979712122,-28.530305971207078,-22.02205247827115,0.0060741997426534845,3.289025567060649e-05,0.0015460797039714511,0.003254612755833458,0.00463823911191434,0.028283033627181726,0.2884902903510587,0.014198051675075981,0.02110832858900552,0.041043690507715086,0.8058107942647451,2235.2971957779155,2707.3970390758736,4248.719711248017,5132.49450248146,17.705208784532722,1.0,-2.162806,2.0678973,-1.362042,0.463752,-431.67365,78.744484,0.42427218,93.30645,23.167637,34.838642,-8.696576,-11.75102,23.451218,5.339551,-23.077223,-7.445898,-14.098879,186.0730410643798,187.43123844441178,13.69241948591086,0.0008465371211059391,0.028083691373467445,-30.71869292789286,-31.40572466541612,-4.675695386399378,0.007718356638837986,4.152962780668211e-05,0.00243801023478947,0.0042028158598692135,0.007314030704368405,0.033816623743662066,0.3543168008345123,0.015107349917666654,0.024494346631349827,0.04734371327526798,0.9253814952640544,301.9932753826358,2430.3144346299323,3071.7680131868897,4444.2377350184515,17.77186944520484,1.0,-2.2565384,2.334166,-1.4183376,0.343359,-427.1306,143.56592,45.760063,54.048965,-32.608807,-13.585383,-24.335459,7.1698008,24.123201,-12.218934,-18.196144,10.4574585,-24.53,186.61879418777121,187.7230474078172,17.446627652623413,0.0010642234701663256,0.031513165682554245,-29.712449550496682,-30.098155273925595,-14.949237987343164,0.006820956548678108,3.686125359212834e-05,0.001720170349873136,0.0036240410928753504,0.005160511049619396,0.03755396426443346,0.34783278317319266,0.016301517975459433,0.030120628645922836,0.05831428316386943,0.8533968405506737,933.1248078909096,3073.0947285330394,3803.5738548830936,5028.418789533575,18.28935677557616,1.0,-2.1791532,2.033599,-1.3809621,0.5314614,-505.27493,142.62279,74.255714,50.641674,-19.90144,18.190407,-13.564642,-1.2266195,10.480259,-0.36756617,-4.5120425,-10.47359,-16.225548,185.79874164438795,187.36007560778623,25.447086170260256,0.0009502148604951799,0.02882952243089676,-30.21800842704596,-31.15261397849609,-3.494922343012786,0.010080470481661313,5.5447605001979e-05,0.0024533698312186767,0.005112140953880272,0.007360109493656053,0.047934330836680854,0.4626021137413676,0.018555153913065267,0.03491023063063391,0.07393500467963125,0.8713853153945942,0.0,340.9176969659756,903.8750880657532,2588.0850803576586,18.39993204582981,1.0,-2.0446968,1.8776855,-1.5495932,0.7198695,1
94,AVPEPUDEA0045a3.wav,0.0013445261648425252,1.5325244881907676,17421.484515089356,0.23242465298802867,3973.391398959636,0.001916444459384284,2.050583821376662,69.29704138189004,0.3581903924918819,1.1006894311276068,0.001903740711229155,2.171282614344774,224.26045925520404,0.3494237089486496,8.909425852437817,0.000912005133311617,1.8739503511630946,151.04106503592197,0.2747316312192373,3.85443465849894,0.0016146445660147623,2.1362968446264463,131.54593949140335,0.3453983410739555,3.0673801302543207,-396.95816,129.70737,-20.420301,26.459242,-51.89523,17.242483,-13.232743,5.1135054,15.483174,-20.221672,-16.279663,9.658728,-5.024737,189.08539147589528,191.7485660037248,10.353617787553796,0.00033345434349030256,0.017326077446341515,-34.75591040268175,-34.49436173333562,-2.6037121145511035,0.007946827690787013,4.1618483002455726e-05,0.0022915358898831194,0.004610496733047452,0.006874607669649335,0.03706118092742401,0.38019167810842636,0.018554862602745786,0.03352726594600095,0.06628630707749046,0.816389928871561,1286.8281303371284,2092.7978697851545,2978.800796523887,4245.620947031385,14.045071180703264,1.0,-2.484165,2.8494039,-2.0109386,0.6563281,-403.20822,97.38656,-14.020906,56.55807,15.496936,41.098522,-22.57995,-29.408216,1.6233302,11.122126,-11.904454,-20.56584,-15.562993,174.34750360875222,179.02797350428918,31.85167708167518,0.0005725161754526198,0.02224595472216606,-32.41656996771358,-33.1231261753847,-14.602379194399056,0.005422574814837653,3.203429982359816e-05,0.001582709175307009,0.003208867095824333,0.0047481275259210216,0.04416288521251624,0.4480898656516469,0.02174023681392551,0.03514936013211442,0.0627799672146641,0.8676643057839591,360.77556794218026,2183.3389699268487,2708.3693359209083,4704.589756836646,14.641595085536629,1.0,-1.9923005,1.7541243,-1.0959982,0.34258467,-490.64096,59.63947,5.208878,92.83107,18.945908,38.644173,-7.059822,-14.669021,23.19986,5.3933067,-20.985453,-16.875246,-15.122771,192.21574842594447,195.39286823463775,8.999720420452041,0.0004214314103592187,0.019081121310591698,-33.727161281068774,-33.98484875716913,-28.169937378595243,0.006860796699567502,3.5189954023067846e-05,0.00215792680454511,0.004075928412104426,0.006473780413635349,0.043370269899711746,0.42872766589021516,0.017943098660296884,0.029880690824341465,0.06782696079949614,0.9264986509228441,246.40207721490808,2424.799973299182,3016.0216774908213,4425.188976445696,18.529939454482403,1.0,-2.1627243,2.2232594,-1.3702517,0.31189868,-480.24857,123.95093,42.009487,47.045002,-30.796158,-2.929868,-24.70543,10.658182,17.426653,-16.185137,-11.12739,-2.6644232,-23.764263,192.2786782319699,194.36866386492613,7.612209353372693,0.000346542801707983,0.01757071539759636,-34.56540779967344,-34.88189454570256,-39.69324236403816,0.007623344685041023,3.927984003161532e-05,0.001975868556554069,0.00415066912238688,0.005927605669662177,0.04883801383082807,0.5727987890617902,0.01962667645024496,0.032619187257445156,0.07475837283214827,0.8570583237755937,364.2144294747903,969.698632583123,2907.218671709714,3732.7867617778184,19.41904237690243,1.0,-2.090987,1.8972156,-1.2874155,0.48563907,-519.0468,124.45204,78.251366,50.997,-23.002113,32.692158,-20.772062,7.270477,14.38164,3.595863,-1.2553439,-10.1785965,-13.574276,190.23493724921104,192.01283385901675,12.63046690639857,0.0004276226682122797,0.020040715113282204,-33.669068628808205,-34.24585211349491,2.0206763346391776,0.010893967823925361,5.707972255322085e-05,0.0026713698918628655,0.005461971830587424,0.008014109675588599,0.0443864959063543,0.41592629577792745,0.018662735864993566,0.03316232452773597,0.08121456589762074,0.9183348234150037,862.2964817669986,2630.711146094507,4083.0748505220586,4915.145203905403,17.977571487145674,1.0,-1.9870442,1.9103373,-1.6419775,0.7211889,1
95,AVPEPUDEA0048a2.wav,-0.00170775443562302,1.2252818774943157,236.3166106882896,0.05995207775247243,4.898510110467811,0.0007474295941839227,2.364552518101241,44.98233133217182,0.06476935400290658,0.742119132777538,0.0021116340180362594,2.345356191184259,2452.6018687538653,0.2029322517356561,2926.3904816569125,-0.005091226148449401,1.2756502271203491,16442.92879654337,0.13460237315712115,1165.4875919154863,0.0044505760920829605,4.112817698453093,38.38031277085079,0.24935077308970735,0.27732266807020906,-541.83673,159.2253,-9.997947,-9.145698,-12.138863,-19.822252,-5.0165644,23.108639,2.9720018,-27.646025,0.30109638,31.048054,0.8650121,188.8499277021776,192.16308432853157,4.851270978077949,3.2694340916350484e-05,0.0052130320109426975,-44.85144307045067,-46.515575915668414,-263.9105174535638,0.003074601541331584,1.601000404019803e-05,0.0006898496989153495,0.001485223413558408,0.00206954909674605,0.03008482172124108,0.2607097972482275,0.01349171498458964,0.023604922579149867,0.036403736514351574,0.756283570608365,1418.256349001558,3160.906731077547,3822.7675929130123,4189.467076708118,17.192622775781285,1.0,-2.0115056,0.96173394,0.23049602,-0.17161861,-583.62897,99.97044,-0.9046742,56.11332,44.909275,21.504858,-42.944695,-18.420382,13.6982765,-23.75104,-16.440477,3.0223565,5.9748983,186.95873699363517,190.21019328917666,3.697037891946209,2.5570032448740676e-05,0.004200528841465712,-45.908063247425524,-49.055162458106125,-154.9911541096455,0.0028196467717520753,1.482942538476765e-05,0.0007874033420713044,0.0014787750826585904,0.002362210026213919,0.03301463801613508,0.3136160663551593,0.015373574570700257,0.025916478157413575,0.04753210441502323,0.8242504739577008,427.00904405406004,2501.7339391536843,2941.7294910580044,3990.7425344296457,17.07797001771637,1.0,-2.0904343,1.5297595,-0.565256,0.1330036,-625.10187,82.51398,24.782398,67.97491,47.508724,27.518866,-18.330309,-7.6346073,23.160564,-17.775158,-21.87582,0.99296445,0.73350674,193.23256327092855,193.23256327092855,8.348400564126797,0.00015155065921135247,0.008290520869195461,-38.19382134343101,-41.71518177566388,-73.51269146182582,0.005018915326131811,2.6023925332173537e-05,0.001064952422375908,0.002105752660652698,0.0031948572671277185,0.061560761777634046,0.6135024674909396,0.015465797683811455,0.03309614622214496,0.08996510381929006,0.9302250187161211,2570.781167349113,3016.993475505614,4011.4004651254645,5509.343048253668,21.70442694966202,1.0,-1.9046876,1.1709831,-0.4995768,0.23469761,-593.512,146.0772,55.134666,34.54491,-11.601587,-23.673304,-29.880005,4.56555,5.2827816,-20.797121,-1.3745835,16.020473,1.8699188,192.5294218853213,195.16681122621614,4.671369086689436,0.00014759386249352247,0.009704439900815487,-38.28136490530083,-38.818756892016914,-100.56622966173637,0.003917122843168843,2.0082010717445708e-05,0.0009787544100329144,0.0017143748999135693,0.0029362632300987787,0.055093820066509105,0.598523359693272,0.015266151161727002,0.03068651965594777,0.07441753717459887,0.7474969351329492,697.1284840863764,3215.5296946124245,3730.7015735269365,5334.082072595207,21.100812405277082,1.0,-1.7906265,0.875237,-0.33935678,0.26232362,-645.3327,127.22592,82.80809,51.781807,12.361499,7.3463454,-7.1447716,-8.500301,-6.595719,-12.584632,-7.9406877,1.5703204,-2.8370938,196.75096724943865,198.60710844990504,9.042008299701475,0.00019523181254044175,0.012081713415682316,-37.09121699079565,-37.93671820299219,-215.11799651920887,0.003528527412548353,1.7806258933696033e-05,0.0006617588657333631,0.0015378613544913535,0.0019852765972000544,0.03679735229504948,0.3942115270575204,0.011789866759357781,0.022151692316803355,0.055493632801461704,0.9052388187382526,1670.223368898049,3060.9984669968844,3790.0103415485873,5254.623240427374,26.32803651467636,1.0,-1.3433492,0.09142228,-0.12555581,0.3799572,1
96,AVPEPUDEA0048a3.wav,0.0003626512568616527,1.4686063286673152,24473.85939717027,0.10212311733506772,4871.880322397421,0.0008206652878121793,2.2193273719646047,57.42691475692656,0.08052596288622023,0.90609406988186,0.0008189491336072551,2.2487403742600374,143.74864885591018,0.18897219356599107,4.05187439889283,-0.0013344621583797308,1.4172151002517634,32586.550793007682,0.08229756748794362,5991.907636628015,0.0010353746026613517,2.1977515743399088,219.2892886851984,0.16729079017467824,9.110666302633756,-515.9966,163.73314,-16.368204,-6.1060815,-11.177178,-17.828613,-4.7326064,22.955462,-1.0965649,-27.784637,-1.1309128,28.328226,-1.1409961,181.48203674727506,195.7559048060495,4.352406711581454,7.154553168220446e-05,0.0076485020108520985,-41.43322164119594,-42.10690022628221,-146.2167104191977,0.002842848291985954,1.4529530166221113e-05,0.0007652685570814595,0.0015538939866967829,0.0022958056712443415,0.04087000127557188,0.34413871744287794,0.017911448998506035,0.03005917154732974,0.06341027000915563,0.7861993915333949,1399.3410194641663,3152.499745783546,3720.462256320757,4373.996284702281,18.14671924257681,1.0,-2.1781409,1.3474956,-0.049763948,-0.11319693,-563.5605,110.62958,-0.24623159,52.69479,40.916615,26.749054,-38.883236,-29.519524,4.4374886,-18.536783,-18.035778,4.844858,9.044499,194.0609359557143,194.0609359557143,5.547649499082888,3.1579922506352887e-05,0.00519194733351469,-44.98896912921211,-46.64986728909767,-25.048811317344324,0.004714087937900247,2.4313720640038145e-05,0.0015608060563600127,0.002847881997898585,0.004682418169080039,0.03579852507401533,0.31993933763199794,0.01518614328800513,0.02843235662214474,0.05077952519418921,0.853624850626187,466.9183823676719,2430.4539562970076,2921.3637954379515,3968.1091450733284,17.938354018955657,1.0,-2.007411,1.4147576,-0.59011924,0.18853256,-597.19305,106.503525,11.568045,49.23906,37.758076,26.585405,-10.982483,1.7299533,22.082073,-22.601952,-32.93959,-8.488738,0.86613184,196.82391993360562,196.82391993360562,7.781260363805642,0.00012500576849561185,0.008994758129119873,-39.00479140625782,-40.867732945992344,-31.498167654259404,0.006114333125243826,3.111522658784511e-05,0.001418858676939931,0.0027061549353585694,0.004256576030819774,0.04738985205569721,0.41067727266487725,0.012862855674142146,0.021321064161819676,0.05343232275480309,0.9153359967851267,669.2020952017003,2661.6279177139313,3088.8378508898427,3957.6351029602656,22.677452868840444,1.0,-1.8756087,0.991771,-0.22224525,0.10762266,-624.9163,142.34811,61.481518,28.363602,-1.4883317,-19.924995,-29.365833,-4.555569,-4.6424017,-14.279936,2.3430326,12.387082,0.6286431,175.4466130949051,194.67363918749743,4.822808176428665,4.628711394616403e-05,0.005340017843991518,-43.32573726364566,-46.91353874615883,-370.92088786379236,0.002506238956848539,1.288174311107613e-05,0.0005987732483257787,0.0012548237003290042,0.001796319744977374,0.05099120190724873,0.4577003097640247,0.0181617510432999,0.03113394406406622,0.06711016614473019,0.7880189743609693,915.2369342267741,3177.2676892204418,3797.112076938682,5284.502745371802,18.274537167100398,1.0,-1.3280332,0.025319252,-0.02398783,0.33592862,-657.92773,125.20107,74.53387,45.37687,22.5196,12.955448,-7.304942,-8.143226,-7.326282,-7.9936247,-1.4870403,-2.5724814,-5.8279915,195.6979741135126,198.49365945799136,6.988094743588143,0.00010127150744665414,0.008904295973479748,-39.93848848579836,-40.61934134446492,-73.45044513319945,0.005165481649169432,2.605800106278393e-05,0.0010430187703252235,0.002043682059750925,0.003129056310975663,0.050168741741484876,0.5586414669464895,0.015280170351949578,0.023857445948011913,0.058168041995052225,0.9173439837688385,520.3041387650774,1940.4933473473661,3228.4693500172516,4221.361467573613,23.998275032810753,1.0,-1.041099,-0.37097073,-0.111065924,0.5258918,1
97,AVPEPUDEA0053a2.wav,-0.00114467800890015,1.6230423044624216,41.75403706378816,0.06820865042092261,1.4662027357434266,0.001930797612059772,2.027741648422791,69.25358594818476,0.09099275570877433,2.3942682439106693,0.0041116898321863935,2.418008083143639,80.37643617466787,0.2838364784597091,3.733405716410806,0.000931986295275031,1.9963281179297276,119.06230170260464,0.17585687763703436,6.2244497235220715,0.0011871762097641853,2.194065797405448,450.3318947672017,0.217185125200442,118.64736166403475,-475.7338,136.4601,-28.493782,-28.64902,-12.589837,-15.44477,-35.73849,-7.87788,1.5841911,4.9511113,-3.75102,-22.579538,-0.428069,0.0,159.01412529484463,7.126624908781973,9.528658847557381e-05,0.009129557758569717,-40.18970435428864,-39.74234162832507,-220.05235170890603,0.004017355617282661,2.6378010602337036e-05,0.0008861916571335727,0.0016028376378124693,0.0026585749714007167,0.030353109784497945,0.32078660397751474,0.012997776381903135,0.021669232346266856,0.044218296112959694,0.6547437011842503,1717.9066270197684,2401.030200616645,3473.6147865848634,5079.856598661648,14.369858333179131,1.0,-1.6737542,0.7334324,-0.30367127,0.2684474,-455.6701,110.71903,-32.436977,-14.676667,22.58721,2.7398121,-34.254963,-20.65344,-33.23911,4.0208297,4.8788543,-14.110546,-4.7793565,5.029930190667331,159.95178006322112,0.5684047057074655,0.00010361346357967705,0.009532937780022621,-39.841741174007964,-39.263964885292694,-680.5681274599358,0.004726968894671677,2.9552833480139904e-05,0.0029982868198605837,0.006841072246232815,0.00899486045958166,0.058669894381482825,0.3943947143852711,0.03394186316793418,0.061095353702281585,0.04397072151656299,0.6988245050292979,1894.0662580528976,2022.5017401688567,2454.427321441528,3630.2037573298803,13.672211217746137,1.0,-1.5829352,0.6129656,-0.23747705,0.23181497,-467.93225,73.350815,-34.34388,34.151703,43.653828,13.5150385,-47.194767,-4.6939373,-27.208158,-21.786682,-4.8348675,-24.429962,-22.604713,154.7408664005026,176.50130073807327,10.926410511624177,0.0007991768070496619,0.025654710829257965,-30.956890991245064,-30.741254174184338,-63.56358339109498,0.0032199614298367863,1.8307176038993552e-05,0.0007649217924149852,0.0014654594559455883,0.002294765377244942,0.02795465413997058,0.3297612856078472,0.011150660235165819,0.021119372522282,0.044841911722216306,0.7023573292539206,1988.8528506710572,2882.5825596724853,3712.976069606455,4622.054569159435,21.41144228376252,1.0,-2.063137,1.6371498,-0.8846217,0.31716958,-484.0767,142.44618,1.7398987,-19.696743,3.8137887,-7.2764115,-46.77351,-9.985721,4.771746,-11.430595,-4.5285006,-20.194263,-10.033746,117.26180925229599,169.7210397072705,13.40599891109005,0.00033360111410729587,0.01693122275173664,-34.767683617664,-34.78321487599,-95.54403116490059,0.0029895201316311303,1.7706943008673274e-05,0.0008971621328554127,0.0017156500992927236,0.00269148639856623,0.0343508030017037,0.38343694660050626,0.01608295077154501,0.026632805741627623,0.05780629199191986,0.7010856070623847,894.9435957138201,2256.559879859346,3251.2207399717317,4017.27071730489,19.63493989575232,1.0,-1.6641763,0.58498734,-0.063412964,0.15045652,-551.7366,136.28532,39.054222,6.252676,-2.2425616,-8.162866,-44.253353,-19.460997,-10.292795,-3.3738978,-10.191737,-29.240248,-21.40451,139.2376948674926,169.24581876134872,9.664383776330634,0.00042752805165946484,0.019367188215255737,-33.68602067969817,-33.902594291728676,-322.80023438678097,0.0021014990523354608,1.2446593876704079e-05,0.0005762620270146899,0.0011722824463370161,0.001728786081044025,0.03901280700289213,0.31663792428413506,0.010776682333248539,0.019311592116337106,0.05251645154543682,0.7175891366813858,2220.641668339119,3290.61101678704,4154.268976234836,4870.193453105135,24.43800102583369,1.0,-1.5697901,0.68796885,-0.6221454,0.50869644,1
98,AVPEPUDEA0054a1.wav,0.011529306500443016,4.0221050530800575,8.577440726549122,0.1905920240009285,0.2848944715839582,0.019868421415929167,2.4264963591657454,42.62532867943393,0.30055699867170227,2.7341960526842426,0.00885193457462633,2.506622996042913,86.1876650133228,0.19621218440217827,3.3547681315220372,0.0074595875357423265,2.606857029107271,28.89516220778036,0.33717464119553014,1.447774550515916,0.000470119551508174,1.87565338371295,290.3874212324865,0.16692796344816438,23.790097541763068,-392.1456,153.65501,-102.75632,-27.54708,-11.1801195,-23.766155,-3.1300824,15.650192,-3.1917408,-24.34846,-1.7756346,12.764819,-13.487932,0.0,159.01412529484463,7.126624908781973,0.002768591046333313,0.05059981346130371,-25.574528336767266,-23.62864742844601,-220.05235170890603,0.004017355617282661,2.6378010602337036e-05,0.0008861916571335727,0.0016028376378124693,0.0026585749714007167,0.030353109784497945,0.32078660397751474,0.012997776381903135,0.021669232346266856,0.044218296112959694,0.5616765942749552,1488.3087353298176,2558.3799564036817,3040.5737006191616,4113.370620549501,23.292592941160773,1.0,-3.0488806,3.5422554,-1.8748734,0.39177692,-377.7546,92.94557,-80.82332,27.416876,32.943645,-12.421139,-60.370716,-27.228167,2.4377046,-18.986446,-16.081127,6.460373,1.2782508,0.0,161.36180046812524,7.562752615208783,0.003268606262281537,0.055095549672842026,-24.856090415485085,-24.18952009084573,-173.47185403536128,0.003830333722526482,2.4782689778897006e-05,0.0009132918968152087,0.001642136855202302,0.0027398756904456196,0.032057985344159295,0.3222809007436841,0.013235998933158698,0.021724034042106256,0.04397072151656299,0.5706431515684285,1808.03821821313,2527.0959391740143,2954.944229343644,3686.5951103136513,23.286814110007544,1.0,-2.786652,2.8097432,-1.107672,0.09169229,-490.2872,52.81124,-47.036198,91.41763,40.41386,-7.827566,-30.444824,-1.2943012,6.9039617,-33.061813,-27.333712,5.994692,-21.709082,86.97057690439921,153.0682153517426,4.576137131897156,0.0004039435589220375,0.019121624529361725,-33.91057792791822,-32.32960997993945,-82.73892161962888,0.004717797108935017,3.085020286970893e-05,0.001164644261273476,0.0016781694612372487,0.003493932783820396,0.0335251104687832,0.3706023708489442,0.01108238525075563,0.023494891776888294,0.056646302511649205,0.7467637660554676,2832.5681187486184,3195.6541338349866,3404.5114745892256,4362.213879782086,21.7518298008097,1.0,-2.6746745,2.739827,-1.2187043,0.16745868,-435.10507,129.78372,-34.2671,17.986317,-27.10452,-55.062233,-38.45179,7.244372,6.6920347,-35.475838,6.028597,9.435064,-15.835727,0.0,165.10460449992064,7.8321857000614505,0.0033580895978957415,0.05583365634083748,-24.71596247259232,-24.64673415970925,-223.88757674192058,0.004105576511291074,2.5520946703680194e-05,0.0008753185548227597,0.0016281852852191886,0.002625955664468275,0.032798747145881026,0.33219213117930235,0.012015323862919864,0.02134801820566907,0.040691073239867676,0.5676594877701626,1387.445396975592,3058.795990886475,3803.0703624432585,4115.1807751285905,29.88224007768828,1.0,-2.917791,3.3917837,-1.9871099,0.5188864,-548.1867,118.972664,21.55119,42.637936,-9.020078,-12.4186325,-44.27378,0.25614786,8.351704,-31.998701,-1.6698083,7.872644,-22.345064,118.52340423309376,149.8571777659806,2.069111990909518,0.00025974144227802753,0.015851205214858055,-35.857980760779576,-36.33636616102853,-190.83530535616063,0.0019845223128834083,1.3245386283418632e-05,0.0005629406468394764,0.0009842539619926173,0.0016888219405184124,0.016612027300278265,0.16523277445949247,0.0051563828228634485,0.008660341117736994,0.015791992071151898,0.7329642466481663,1140.077056856035,3009.679846347833,3635.7095942044407,4855.74317812822,29.39441824047357,1.0,-2.3370292,2.2537916,-1.3916417,0.4805746,1
99,AVPEPUDEA0054a2.wav,0.017560620170430925,5.12314871020236,8.202375302241402,0.19714367520597686,0.25132190860207076,0.021621233986131215,2.4304722705569834,43.08056879434481,0.3435998202644227,3.0294923042526087,0.020247620773051877,2.370399605625125,142.73328371022043,0.2729778877058317,10.19227386191631,0.014068822025632116,2.837787039398665,26.37571812403937,0.4792526750655004,1.286260408375072,-0.0005690399915882224,1.893180237945058,82.16610329796323,0.27913816029858346,3.060063859952811,-393.77045,147.10474,-101.82615,-23.569113,-8.718902,-16.947659,5.0740547,-2.2594538,8.211631,-19.406158,-10.511528,19.760654,-14.64438,0.0,159.01412529484463,7.126624908781973,0.0036332118324935436,0.056796371936798096,-24.364127738082303,-22.483189021819282,-220.05235170890603,0.004017355617282661,2.6378010602337036e-05,0.0008861916571335727,0.0016028376378124693,0.0026585749714007167,0.030353109784497945,0.32078660397751474,0.012997776381903135,0.021669232346266856,0.044218296112959694,0.5447499328503678,1506.9041690278225,1860.4675587104082,2906.581196128707,3454.979227661269,22.915286414530065,1.0,-3.1371164,3.8471792,-2.2186778,0.5213756,-398.95703,95.41155,-64.101234,13.2728,37.089725,-7.415864,-78.621216,-23.96512,-4.4780917,-15.20046,-10.15132,2.4741495,3.8353803,0.0,161.36180046812524,7.562752615208783,0.004424547776579857,0.06334541738033295,-23.5349926583455,-22.208945183509513,-173.47185403536128,0.003830333722526482,2.4782689778897006e-05,0.0009132918968152087,0.001642136855202302,0.0027398756904456196,0.032057985344159295,0.3222809007436841,0.013235998933158698,0.021724034042106256,0.04397072151656299,0.5609843798131159,612.6440583555552,2169.4904964184775,2474.9011194217246,3052.007209629279,25.81870215224811,1.0,-2.7187932,2.5541842,-0.80633855,-0.023920098,-440.20404,54.734673,-57.975418,87.3961,34.7837,-8.461438,-41.01303,-11.812736,2.9811156,-35.505512,-30.03676,3.9545262,-16.25234,65.67315313838783,158.38819286317064,5.373831458959109,0.0011816676706075668,0.03292461484670639,-29.235796822226163,-26.769759170938933,-70.13392430316827,0.004086206766794305,2.5830658303605575e-05,0.0008069614582453036,0.00157844888979979,0.0024208843747358633,0.0335303493523258,0.37034638275924536,0.010921243707424694,0.014415830587285646,0.0655044324429158,0.7159305662586405,1209.5330577541793,2865.7059969644397,3214.3557145425525,3954.0412155172207,21.111134299067228,1.0,-2.7926455,3.0453148,-1.5129149,0.2841049,-422.7438,131.13742,-27.9608,1.7395984,-22.142662,-51.453793,-38.950672,9.0457535,6.2867565,-39.194443,-2.706467,6.317703,-14.362461,0.0,165.10460449992064,7.8321857000614505,0.007153722457587719,0.07782872021198273,-21.439033185221284,-20.566390043054763,-223.88757674192058,0.004105576511291074,2.5520946703680194e-05,0.0008753185548227597,0.0016281852852191886,0.002625955664468275,0.032798747145881026,0.33219213117930235,0.012015323862919864,0.02134801820566907,0.040691073239867676,0.5551910056628693,1239.1195453252137,3120.97345621504,3713.902504291102,3773.3181088316196,30.13452499887257,1.0,-2.990483,3.4858737,-1.9678335,0.47708145,-513.02545,121.58305,14.652822,44.138657,-21.988821,-27.19977,-50.27128,-2.9742124,4.7030096,-40.993553,-14.445996,13.199398,-27.488077,113.8221947368659,160.0624613487177,3.896958699371558,0.0008813291788101196,0.028559472411870956,-30.518527268857632,-30.134879894086268,-30.72132371608786,0.001381355625525306,8.635627368263897e-06,0.00041731523542966917,0.000653559935522164,0.00125194570628897,0.023938118733458563,0.24731058886290752,0.005743520186935119,0.006312270395693044,0.01522368546467523,0.6889976320912713,1493.9874948258155,3210.1954736694306,3782.9405921309967,4801.627218481404,29.5744621043641,1.0,-2.5096824,2.5983462,-1.6104416,0.52699035,1
100,AVPEPUDEA0054a3.wav,0.01876528125393456,4.3634935508872355,7.983824572085441,0.23993609840944732,0.2861628172128582,0.03634271965705636,2.6659584638779896,30.325015349882936,0.5992640048801646,1.6599755309069615,0.006613702625571051,2.4548548617779398,50.85211255469916,0.8281583607203987,0.8366016950658531,0.01372857419610036,2.8238171812310373,24.757293519439514,0.4744687100605256,1.1572563932466813,0.003044357686119282,2.146348028044933,91.75487006196524,0.44597945109735543,4.129358064893745,-376.68344,149.32906,-102.889404,-35.263756,-12.915618,-13.537058,-2.6233573,-1.2359602,0.69808483,-17.271526,-13.076246,13.309812,-17.382935,0.0,159.01412529484463,7.126624908781973,0.005626170430332422,0.0689447894692421,-22.44280178334673,-20.00990963593298,-220.05235170890603,0.004017355617282661,2.6378010602337036e-05,0.0008861916571335727,0.0016028376378124693,0.0026585749714007167,0.030353109784497945,0.32078660397751474,0.012997776381903135,0.021669232346266856,0.044218296112959694,0.5404280481849102,1424.9125543039668,1562.3993430740418,2798.3257464790167,3473.2192461494287,20.214887880879875,1.0,-3.2553284,4.103926,-2.3875287,0.5488751,-367.9961,99.55369,-69.98227,10.383632,36.33594,-11.57017,-72.75677,-28.271477,-12.305654,-13.781937,-16.986656,5.1464543,7.4974766,0.0,161.36180046812524,7.562752615208783,0.013352720998227596,0.10735364258289337,-18.70216419215122,-17.048128030113904,-173.47185403536128,0.003830333722526482,2.4782689778897006e-05,0.0009132918968152087,0.001642136855202302,0.0027398756904456196,0.032057985344159295,0.3222809007436841,0.013235998933158698,0.021724034042106256,0.04397072151656299,0.5510067884447419,1711.4623616557776,2378.832482485686,2843.7346501638754,3466.218131405913,24.92760539832872,1.0,-2.834989,2.8427753,-1.0575817,0.053099472,-433.63644,147.53752,-7.4245396,43.086235,43.35748,38.15735,3.8063293,-27.35489,-17.026405,-1.2710515,-5.34895,-30.95115,-15.140017,157.08303548759054,157.08303548759054,11.320651538750285,0.0036112952511757612,0.053581736981868744,-24.386507869952965,-23.87993933593674,-62.068884481455996,0.007211395513304666,4.617680125876545e-05,0.0016639542565062562,0.002790283973217959,0.004991862769518764,0.049145928492887576,0.5985107007492558,0.015662537326267028,0.02804763786461876,0.07036518113087643,0.8201543164836543,326.4452840307874,1940.2746469906967,2592.189691959913,3713.409561023987,22.08710121620347,1.0,-2.7052352,2.812706,-1.4743938,0.36847243,-415.43048,139.56177,-38.513878,2.023161,-17.718021,-61.206593,-32.304035,13.397229,-4.857923,-32.997517,-1.1687589,9.25997,-10.550215,0.0,165.10460449992064,7.8321857000614505,0.007164470851421356,0.08052536100149155,-21.42743374169858,-21.179927945061042,-223.88757674192058,0.004105576511291074,2.5520946703680194e-05,0.0008753185548227597,0.0016281852852191886,0.002625955664468275,0.032798747145881026,0.33219213117930235,0.012015323862919864,0.02134801820566907,0.040691073239867676,0.5588647268395726,1256.4053533652846,3084.084848238781,3859.424273188055,3894.233514257094,28.820568699416178,1.0,-3.0265043,3.4667258,-1.8163882,0.37960625,-527.14514,120.43114,35.538284,52.857872,-7.045142,-20.713358,-42.51265,-16.049452,-0.37280574,-41.89142,-9.98365,12.134531,-23.278625,135.6229414264616,164.52619123865838,2.592873869753189,0.001972951926290989,0.041091810911893845,-26.999312089254826,-26.596989797342736,-310.18981558136045,0.0023003455749786915,1.3985230465976172e-05,0.00039613617787915737,0.0005940930464547798,0.0011884085336374144,0.023592903067617514,0.2449755425568891,0.004836853250389219,0.007107918805579833,0.010368000399174678,0.6983252842387911,669.863564930635,1950.2937674974035,3062.014151298452,3647.6648349366747,31.364174955500868,1.0,-2.549492,2.6913266,-1.6975998,0.5594172,1
101,AVPEPUDEA0055a1.wav,-0.009931202969276586,1.0978603603303785,130190.19341426258,0.3473460322051561,3033.214876958745,0.010623234640845124,2.9404377264493484,24.322846474016075,0.5674128801575481,0.42116903454484705,0.012073683132176905,2.8045773404363503,43.129072063599075,0.8958142565435724,0.7580437856453772,0.012053727767772745,3.249112310417113,23.014995042465852,0.6396962795534901,0.3973150250176092,0.012463196609316381,3.049083357015625,33.909164449877046,0.7452077132592062,0.5344690694390297,-396.98355,194.12018,-26.62044,-7.2452393,-14.583826,-6.6830163,-11.337663,1.6397359,-3.9313507,-18.225883,-12.798147,14.842001,9.465294,142.97938358628835,154.89433221847904,12.193033678598301,0.0008159099379554391,0.026485374197363853,-30.874617097242314,-30.38671651153079,-13.088045608989638,0.009193602944865925,5.977230386545738e-05,0.0028147757659418918,0.005272574782063251,0.0084443272978257,0.03644678012988749,0.41710387772670193,0.017460258104307597,0.0270552341246382,0.06188582379520461,0.8075817275600103,634.4900815725126,1373.8942494096914,2727.2586102505347,3927.3286106676983,13.540724158013786,1.0,-2.4440835,2.0438018,-0.68392634,0.09051953,-387.74646,175.20627,-22.221046,1.2090333,29.180162,26.395073,-8.450573,-48.67687,-23.064598,-5.2372456,-10.795809,-0.63371015,-7.794278,152.88277328011387,152.88277328011387,10.637050212478822,0.003477796446532011,0.04997960850596428,-24.58067363656127,-23.27091728108477,-38.63279689025171,0.007115843952572932,4.680868067923815e-05,0.002341781853842736,0.004132491046958837,0.007025345561528153,0.04677527460522503,0.6353490131196419,0.012793387939029772,0.021365443400986305,0.05715928380638935,0.7179209367068085,485.0700616681,1855.6814852657599,2384.2883591622845,3570.1692309154287,19.323917878463547,1.0,-2.76456,2.6022074,-0.86576295,0.029748924,-427.07925,142.62004,-8.108117,45.483894,39.511597,28.703234,21.93451,-24.903189,-38.711075,-3.7900589,7.839495,-32.138523,-26.18625,164.18098254204526,166.18318964621653,6.0971663031115355,0.005174991209059954,0.06565660238265991,-22.843003019215313,-22.74691076693493,-131.79426996825597,0.004515766089695153,2.7211446442560228e-05,0.0008767275783549573,0.0018740374632419173,0.002630182735064926,0.04389828608721619,0.528013228205964,0.011106330712711592,0.023232436074182704,0.0545827015616063,0.7767757647681255,330.9981427481209,1851.7486952375416,2450.9241087047712,3746.780649309099,24.29576925066339,1.0,-2.9593775,3.415315,-1.9228708,0.46815622,-440.24625,190.28719,42.983715,22.898487,-10.942481,-22.454794,-6.964922,-19.65724,-3.563871,8.185855,-25.47178,-31.41926,-8.930567,155.9112207784533,157.9100825833053,5.72660858940601,0.004727366380393505,0.06305725127458572,-23.22340879144702,-22.966163215721394,-42.273589560176454,0.006942576951787732,4.4025837471211316e-05,0.0016259868297677116,0.003693223481309632,0.004877960489303127,0.04159157596451986,0.4819288058206439,0.015533049391557991,0.02907490170776981,0.05921675226648547,0.6800017846193969,477.64246281739275,981.974273484549,2397.345553685607,3396.668833269844,21.7908958119279,1.0,-2.5478714,2.270437,-0.8826666,0.16289161,-466.16772,151.93222,51.59963,47.595455,2.4421828,-17.598387,-3.9334302,-14.747112,-12.499597,6.9696507,5.8438025,-18.947315,-23.883654,157.80723419543506,161.23782624316195,22.347078240218572,0.0040414705872535706,0.052689436823129654,-23.89871976160501,-36.55204999304815,-7.2569999544709844,0.018943867521975737,0.00011990118618346673,0.005797486642327965,0.008796022722334108,0.017392459926983937,0.06474147165173684,0.7217980466436508,0.027998077303701192,0.05242907795402494,0.1186763860126034,0.7637031601721116,816.3675108367296,2286.0341283600524,3728.0857545813697,4555.643475650557,13.338254729757315,1.0,-2.719203,2.9435687,-1.7125071,0.4902628,1
102,AVPEPUDEA0055a2.wav,-0.014266233184950874,1.035581577222875,141976.7777878194,0.2780113375137833,2265.3834353312263,-2.6370217702853496e-05,2.2402594294794893,32.74540118464768,0.481355462656132,0.6962278558531673,0.007487049259322041,2.6512455943393074,48.98780610580417,0.5056530324876257,1.4467243416888937,-0.00501993023114136,1.764515265588107,48.676294639232765,0.3808588108202783,1.0874490033143092,0.015351511728162081,3.1393324675939365,32.32096672549614,0.840906236695434,0.49828412346671025,-459.0633,211.20247,-4.7744966,-6.4040637,-9.695272,-1.8912792,1.646078,-9.585134,-21.029602,-4.5553613,-7.6036353,-0.20537546,15.436931,149.2171268608689,153.5422609727781,10.298140916281044,0.0005457539227791131,0.021387962624430656,-32.60540489382263,-31.928707084272144,-25.160365272574907,0.009700611356582893,6.349354789564138e-05,0.002956440921204489,0.0037127136114230453,0.00886932276361349,0.036219118232535846,0.5422461655160243,0.012756267426486344,0.01844590181734786,0.04498402346492654,0.7943056411267501,617.4131844439798,1407.740161751591,2445.5116206507546,3688.6511996401173,16.30213748634008,1.0,-2.3069894,1.5149697,-0.06737819,-0.13615711,-424.13336,183.00937,0.42304856,6.217123,15.598687,19.565704,8.859183,-38.574505,-44.613266,-9.693853,3.2909899,-8.985572,-9.705974,159.19237700277534,159.19237700277534,4.894440599889511,0.002271063392981887,0.043777793645858765,-26.421282114995527,-27.118021348290643,-37.28813541558793,0.006576625831212519,4.135146006827135e-05,0.0016975648355277485,0.002846072740874809,0.005092694506583242,0.043383196035848615,0.4737899403874602,0.01518654798237383,0.024459029143215485,0.06311084275213802,0.7168160569796042,487.0263449203599,1671.4001471049905,2212.017325751274,3981.8051473564888,22.26244273766705,1.0,-2.454957,1.9403965,-0.48887616,0.006074451,-459.38693,132.99338,0.8968906,34.57881,14.007265,21.53996,18.612144,-34.080975,-33.907135,1.6973191,1.2321455,-29.611103,-17.98515,179.59190656489565,180.81362021499703,5.540953743746417,0.002530270256102085,0.04415661096572876,-25.95752120699754,-26.502833423161903,-11.042923514925466,0.006804084324492466,3.766629251109124e-05,0.0021164301707591094,0.003601193191988685,0.0063492905122773426,0.040774731607125934,0.46991303458745626,0.014188066310499146,0.02810872979271005,0.0693457690920112,0.7073975737256267,1837.0353056921715,2373.7909072570505,4534.861951425439,4777.164919885815,23.08267172760062,1.0,-2.7780166,3.0480733,-1.7278328,0.45985422,-477.0321,193.36852,27.730232,32.384544,-14.379044,-24.267153,1.4335957,-14.474333,-6.4140873,11.935344,-17.072178,-34.265232,-13.867344,162.45845254204585,162.45845254204585,10.43813811167732,0.0012772413901984692,0.032385118305683136,-28.917937843137636,-28.16936934992601,-5.462584654963123,0.015203313155124564,9.400328120586098e-05,0.0037940373616054115,0.007829875390904061,0.011382112084816234,0.04750950403363608,0.5292797892886613,0.01824721238516998,0.03414418261702024,0.07774970224381236,0.7504077429770254,476.6260063937041,1020.5963627620041,2396.4206573871006,3794.655043059117,15.87635153783342,1.0,-2.5194497,2.1248667,-0.6635414,0.06103483,-432.9655,144.09622,34.32561,40.90596,5.51777,-19.876938,-2.2565691,-11.417039,-14.163138,10.046878,2.0240967,-31.782015,-25.499626,171.71804873448167,171.71804873448167,30.509507172988226,0.005355672910809517,0.05952977389097214,-22.707098130190005,-21.569120712588276,-29.587684891209246,0.013234515005680353,7.962113590737757e-05,0.0026612862664205043,0.005355953809677865,0.007983858799261547,0.07316984951652142,0.8167913074739221,0.02459333894563122,0.048317817892117115,0.1142108880795864,0.76581355237013,368.9555208902916,901.1512446279347,2276.8211513945544,3832.400459355981,16.391352891186987,1.0,-2.9304912,3.4244428,-2.0393672,0.5472097,1
103,AVPEPUDEA0056a1.wav,-0.00102508266697729,0.9804717079678184,566737.8440989397,0.21960807259079176,4534.5116367303,-0.003992732541747517,1.2088683094768156,28480.904980362124,0.2467174817534892,898.8350512871533,0.001405022938670219,2.0747499572514383,90.52476164143742,0.22970647418217532,1.2240627910319346,-0.010814657426023324,1.0668308928064918,72838.56124717723,0.2246049410729637,1171.6450629804524,-0.0016607017032676814,1.7334167575634651,117.59296676356352,0.26847967938794515,1.7930225723905646,-419.48093,207.06215,-44.688667,-17.300825,9.718914,7.9388905,-23.930166,4.0971913,17.817266,-23.683472,-3.7023401,20.692879,11.422476,125.44011236629237,125.44011236629237,7.235781297042112,0.00042754181777127087,0.018558330833911896,-33.67342255399691,-32.31781413160081,-46.87709290779897,0.005141721532694333,4.110634778457704e-05,0.0011699368882876326,0.0017579836161230056,0.003509810664862926,0.03209973553500774,0.4041071923509721,0.014183608111697705,0.02384002042543416,0.04577938237190359,0.8345174593484088,1396.6206502588077,2098.795942898695,2551.611711601244,3438.873483438394,13.624134682216404,1.0,-2.9133227,3.130117,-1.4114485,0.19994979,-444.85147,175.6093,-41.6453,26.486471,61.545033,48.2954,-43.769093,-19.850136,4.231618,-33.617947,-5.381597,4.858237,-17.191166,120.34697695230409,123.59959795101501,2.9235959222932424,0.00028278908575885,0.015794537961483,-35.468589310872616,-34.82569716124775,-87.36119002538797,0.003598661439754739,2.913109059779406e-05,0.0007253284642872551,0.0015454128602885265,0.002175985392861786,0.038287032643648126,0.3934056163376376,0.015951137413556284,0.027197936001748718,0.0583446940985803,0.890883762507729,454.99670528653905,1963.9129248674035,2587.6265796884954,3422.147561168155,14.294041869552021,1.0,-2.8031538,2.8822358,-1.2052643,0.13043101,-516.16205,142.51811,-19.654715,52.118557,77.682785,40.14522,-22.745907,-8.079349,7.7925105,-11.178536,-14.920904,11.314987,-16.775194,123.61856916701808,123.61856916701808,4.206760945411426,0.00015404079749714583,0.01175039540976286,-38.109629307289616,-37.89473067662873,-93.21545797800722,0.004195417082932099,3.397231683279996e-05,0.0008637831273428783,0.0015032470891667795,0.002591349382028639,0.0354164571879779,0.408646654358811,0.015315603411027341,0.021562177030954637,0.04899427235987675,0.968451708261175,297.5660090607649,2038.7838692403018,2720.4893173583655,3535.6011664660477,18.937174990346485,1.0,-2.4261332,1.8930844,-0.2628814,-0.20227757,-526.44714,198.78856,23.568327,32.831272,41.346222,-11.125613,-46.748,-15.787156,14.007024,-13.513731,-14.003347,8.975758,-2.921069,117.49873349584433,123.98142224044263,7.208699948885337,0.00023898530344013125,0.014454626478254795,-36.19777834505439,-35.925520123366205,-69.02467670504494,0.00450079515615588,3.640560287539879e-05,0.0007650437753629202,0.0015240352433675028,0.002295131326088764,0.034330652693745786,0.3936522147948078,0.014304756775372273,0.02066713081695187,0.046347467847317594,0.8524893293746736,626.706878009292,2595.317476558955,2921.2853649840863,3062.8868669367926,20.457948492068866,1.0,-2.4109347,1.6987327,-0.059502006,-0.22653991,-550.8534,185.59735,38.758842,36.56268,40.598328,12.061713,-26.346125,-18.532322,11.201535,-2.8614824,-20.005878,-8.757303,-7.2507296,127.78770837924058,129.7689131603141,17.982794423495566,0.000231952391914092,0.01447417214512825,-36.33088484082685,-36.51005616921123,-58.96026243809554,0.0033338694519591218,2.6003726757376666e-05,0.0005767993178786684,0.001174383962962619,0.0017303979536359856,0.03126215297304366,0.35659561000232187,0.011153130157132712,0.01741159788991585,0.04481179584630002,0.9367467728933155,554.597893212593,2308.55557793461,2972.0711107040797,3684.825736403321,23.4067194432979,1.0,-1.9405717,0.6953977,0.4843043,-0.23733991,1
104,AVPEPUDEA0056a2.wav,0.0015366127403259322,1.1591853240038872,172573.13073869573,0.20579864402592613,4777.739158614452,-0.004227814406683779,1.1751263775311893,53956.8027103089,0.2258702760287038,1506.7510937990464,0.0014516730925591115,1.776869723360026,304.85492934715086,0.2867164518784376,5.787308745400031,-0.010643231191969232,1.2178125442548595,182.94880202974193,0.2378176878090355,2.9541530570745036,-6.469242494353106e-05,1.9951340744534372,75.89472377631196,0.2595702958816512,1.0516264289503228,-432.15155,205.66635,-33.957096,-14.824113,17.714108,8.459,-23.131432,3.1913528,5.7737956,-23.918907,-2.4557137,25.445448,0.82492507,124.42293933422368,124.42293933422368,6.59015733445036,0.0002356223267270252,0.014243059791624546,-36.26148675660113,-35.40089669202422,-40.500009692761225,0.00527227040539334,4.246762454723785e-05,0.001300793727219968,0.0021907697393917444,0.003902381181659879,0.03317017290266895,0.3477470390189571,0.014492190584508865,0.02430761589189106,0.04901330283015637,0.8824497663515827,1449.3284916761475,2353.7088456969263,2531.559853747486,3537.3360642522316,13.86563141091563,1.0,-2.6282597,2.3479853,-0.6667909,-0.04795237,-463.79648,166.5932,-28.335371,25.814264,61.216106,44.73849,-41.1313,-16.194927,-6.3496227,-29.247252,-1.2543603,4.875838,-17.886763,122.70508981224373,123.86268499915168,4.117482790887813,0.00022905496007297188,0.014073305763304234,-36.39257203740401,-34.97599097969172,-33.225107632401176,0.004774891528713904,3.8588999082122226e-05,0.0012170184099599747,0.001822837882197374,0.0036510552298799053,0.039964559917119155,0.47175196073727593,0.016598415765114824,0.025384475547681123,0.06108016762164827,0.8857507550907274,457.695080297612,1949.2424309707617,2581.1501923657083,3502.710166100863,14.117917574271036,1.0,-2.645724,2.4733193,-0.8354254,0.012283813,-496.28372,142.60234,-25.445333,46.23492,72.19272,45.763695,-26.889107,-13.052416,8.282941,-16.276844,-21.154398,7.8117447,-11.4141445,126.79237319501495,126.79237319501495,6.168904084654444,0.00018410992925055325,0.012879046611487865,-37.33359764799076,-37.074804299957385,-73.62918432903386,0.005130440616992616,4.054590925218538e-05,0.000984067002460589,0.0017118727272415982,0.0029522010073817534,0.03964771077518763,0.43679285525218103,0.014269632246716806,0.022527147615203448,0.05105246773557125,1.0374835445628203,303.47264791014334,2052.20754364156,2701.480069581715,3390.186871927279,18.109014432355867,1.0,-2.4804168,2.0274248,-0.38890558,-0.15574221,-527.0874,204.46361,30.32415,33.702187,40.520622,-10.229404,-44.375137,-15.456258,12.278124,-14.619401,-16.022104,10.062009,-3.5613341,121.18686233616695,123.68556052866523,4.213807075998751,0.00030083113233558834,0.016228578984737396,-35.189621431781106,-35.22834046049995,-48.31732669240909,0.003436330532579989,2.78099954562018e-05,0.0006340578851632275,0.001314057285171278,0.0019021736554896802,0.03088724144405638,0.3958759985943424,0.011523909352574151,0.018929914009334824,0.046274325199033794,0.8306592766671174,513.418139087459,2545.58094184298,3020.4918306486115,3842.159768654015,19.948836959248137,1.0,-2.173601,1.074121,0.42202404,-0.3204668,-565.323,187.33246,44.43226,36.16882,48.823997,13.246259,-29.99442,-20.112373,9.886192,-1.4998469,-17.505316,-7.8330727,-5.708029,127.49553495548257,128.75786698474477,16.959292508020017,0.0002239519963040948,0.014017494395375252,-36.49735355439306,-36.112960477202556,-44.70747430866928,0.006124349584931884,4.81385899161557e-05,0.0014604892287503651,0.0027508170225728538,0.004381467686251126,0.031377631092559845,0.3418224112709178,0.01007953063347185,0.01751122355027291,0.04608513653189183,0.9315193639350382,534.3936161760903,2300.992355601898,2947.0032615208293,3697.3172781794624,24.745347089266076,1.0,-1.8978231,0.5552386,0.6299868,-0.28571188,1
105,AVPEPUDEA0011a2.wav,-0.28855091311238235,0.6318892838793773,205.5306728784491,0.48156479184454865,5.528842931717515,0.02753397060668277,2.416806856013297,57.382468540955955,0.5189286880646891,1.5518244169046593,0.02158706415231144,2.195681206255849,295.02905264015345,0.720242298312803,20.15258406352328,0.012785025029147815,2.631509746901403,37.52156736740414,0.8688894320592127,0.990241415451549,0.0016180450323450251,1.9866895040946522,3292.218393961042,1.08723325749006,2100.348000032892,-242.96468,163.33089,-78.418526,-40.66397,-8.63146,-3.6855593,-14.370346,12.4983225,-3.5348978,-2.241488,-17.45051,4.2732997,1.3092413,173.61624557683882,175.8000977224594,8.764306521123247,0.010980440303683281,0.10044115781784058,-19.58528792405992,-19.075107189580898,-130.9440463700874,0.004767707429014171,2.7194962122813227e-05,0.0009274960737901357,0.001822814583191663,0.002782488221370406,0.016803827632186664,0.1834987251515868,0.006900255691888797,0.012317194304152826,0.025131068222080975,0.602925927399666,1469.0484441923563,2357.4687746097306,3096.2036814993226,4090.3887692864973,17.045118384355643,1.0,-2.195461,1.6519763,-0.59121525,0.16425954,-306.02606,89.60818,-52.530327,66.658035,40.399727,11.055867,-60.724213,-1.688893,-0.37948298,-26.61849,-22.050592,-16.167303,-14.760125,175.67768354869668,175.67768354869668,10.484930733976356,0.0035375510342419147,0.05596873536705971,-24.50574447287692,-25.27636002135036,-81.96795548959442,0.0038660226348982574,2.2091593204503435e-05,0.0009788852241077834,0.0015770637691990418,0.002936655672323351,0.02979637686034055,0.2823689023070798,0.010307818276741378,0.01767201321181767,0.04116740538272377,0.7232335890298283,2125.064586004217,2533.7181273010333,3055.4608414209083,4176.688766040559,15.873865542501065,1.0,-2.5063844,2.5364053,-1.2953682,0.30105475,-379.02985,56.11562,-42.71803,96.535805,52.685116,22.08163,-38.18265,12.596066,20.475021,-28.850485,-26.752026,-15.1326885,-17.457205,200.80951205287658,200.80951205287658,24.41893462354305,0.0030368901789188385,0.04872407764196396,-25.161639716918344,-25.695427418665968,-61.92717262245576,0.005602376537814776,2.8350714136253643e-05,0.0011687580761492896,0.00162818390568021,0.0035062742284478585,0.03015059919816857,0.2779501746204404,0.008821852560138333,0.015205802507298156,0.029329117849118427,0.8710038086380718,306.69652546888653,2703.8932118654375,3045.793413927415,3382.5547955071697,16.81482413492587,1.0,-2.682857,2.9182062,-1.556734,0.34129778,-406.05142,136.25288,54.32373,40.666683,0.52372146,-14.678958,-49.955956,-9.403373,0.5505258,-25.197165,-10.620677,0.8496964,-17.790537,183.1045558165693,186.18194330928472,18.010450414686005,0.008713736198842525,0.08098705112934113,-20.57444534117358,-21.658862581738155,-196.00829056282788,0.0038780397112320644,2.1044705459705742e-05,0.0007595496822842713,0.0012533836699299783,0.0022786490468528044,0.037840567779989454,0.4317118117799864,0.010784421144294514,0.02017752298667499,0.050788188466423176,0.6836857237523315,797.5946803871324,2606.4367164758096,3747.7032047551406,4113.689404335984,25.713344029160677,1.0,-1.7812008,1.1615317,-0.9428087,0.5697112,-470.82202,99.04742,78.829636,69.22093,-3.7805731,20.18617,-26.723211,-23.596039,2.696961,-38.384075,-14.441129,-5.595866,-22.528261,210.7095971728041,212.49527172511603,24.263083131110438,0.0060684652999043465,0.06798997521400452,-22.13692592239065,-23.972685908962315,-142.58874131570437,0.005028702060549146,2.402363729880487e-05,0.0008460027995942894,0.001554606401150867,0.0025380083987828653,0.04029248425158484,0.4123539894366252,0.010587002863794343,0.023474860184362036,0.06634136763136339,0.8369334748733473,254.6994372196944,606.6462251373276,2810.0088080955766,4004.0325181375347,26.719325030694904,1.0,-2.4758697,2.8149574,-2.1323893,0.79560333,1
106,AVPEPUDEA0024a1.wav,0.0034040808993385592,1.946719391009501,73.22334044086553,0.19365511425381535,1.363880627455089,0.010554170419510896,3.0544465696245506,57.64666362231679,0.5950023033933128,0.6382218817645925,0.005974773482171942,2.3801997800682617,101.13384641000177,0.6564699053001715,2.6138609283857694,0.007080482072850269,2.3303974070893,108.1614032475283,0.6028133904322793,2.1549576739045646,0.00890448059797243,2.2885868858310867,123.84704285016768,1.213632096700575,3.646480381685118,-322.05176,104.95349,-0.91211975,9.514643,-14.085993,3.5621078,-6.279954,-1.512093,11.065478,-7.275116,-16.831598,-2.3512,-5.5761766,120.88841614505557,197.36884268580505,13.539447316149039,0.00023733856505714357,0.014715191908180714,-36.25368923410243,-37.09191520392895,-4.842853763632363,0.01400158783568416,7.12693036368484e-05,0.0031653912305568644,0.00624820150873687,0.00949617369167058,0.0421347754055003,0.4127903900419672,0.02162215163535007,0.04117390748440822,0.04988918812961891,0.8350622406988187,1183.4957668975683,2630.5737301331665,3232.178230932645,4613.853864646537,5.647233167219076,1.0,-1.2780964,0.45822296,-0.14017445,-0.015326496,-355.7733,93.399445,-1.6064337,39.501034,33.77934,32.612106,-10.650106,-19.051973,-5.5056257,9.242584,-6.3632755,-3.0390353,-23.063246,157.678866160752,198.2931195657942,13.295085024435949,0.001109182252548635,0.03166601061820984,-29.514921833204802,-29.653054425758196,-7.113082563134271,0.010150091162177475,5.1575720729280016e-05,0.0029899904914267496,0.005608088801028413,0.008969971474280218,0.04197571901028349,0.41346377790755323,0.018489028827664712,0.029645370559459303,0.05945031907034931,0.9285091468286212,2000.1049038864965,2441.743148646692,3643.517290922176,4795.812270700102,13.923834502843217,1.0,-1.2659317,0.35586125,-0.2539143,0.17157926,-406.164,105.649345,-7.2718563,63.651733,41.703823,13.06816,-7.855198,-7.525209,-9.524165,18.239948,-16.435377,-16.818907,-22.397089,138.74928319873507,188.30259862685472,45.549196207329196,0.0019086719257757068,0.03781222179532051,-27.190442227783368,-26.999702440069832,-1.810102114276258,0.006657626578974159,3.82317264140723e-05,0.0011744872980126674,0.001925591778534816,0.003523461894038036,0.04702454377123999,0.5439003003162465,0.015543375250868999,0.025686454963566724,0.0570280601850368,0.8759785671448356,2339.7117235507976,2979.60606613099,4228.395008924128,4926.298912997015,16.500928468540323,1.0,-1.8508855,1.1600839,-0.5390531,0.2325344,-388.50278,115.3142,45.436096,37.861423,-5.681063,-12.727336,-28.778133,-1.242908,10.482889,10.656207,-11.625764,1.44174,-21.70904,189.46406624002975,198.6316823484183,10.17731885208848,0.001234438270330429,0.033019859343767166,-29.053363777925497,-29.236085847993483,-33.95091259303678,0.010021564665913526,5.0581315380104555e-05,0.002583595057651899,0.005576160590214885,0.007750785172955677,0.05213880906728498,0.564158239142328,0.018137705074079254,0.03384097587143487,0.07835119699372477,0.8911645397053817,859.7289097918265,2490.3386343449492,3353.488416561455,4340.003829819004,15.544253751391448,1.0,-1.1528244,0.20792834,-0.5479767,0.49780396,-401.0793,129.65332,57.982685,65.57894,-8.22586,-2.3071828,-19.305689,-9.25145,7.650482,-1.6366324,6.292111,-5.968529,-27.282528,211.33020227140386,215.31756457841144,17.062889830385583,0.006324382498860359,0.07477916777133942,-21.971154741282067,-36.55204999304815,-5.844122220918418,0.011672613897251289,5.4754210276023974e-05,0.0028749446651037116,0.005802408802921232,0.008624833995311141,0.07171440910148597,0.7077527047134936,0.02356000032248747,0.039898998744649285,0.08060971967625191,0.8771559362185647,748.3291438374348,2498.287664752664,3902.770315115594,4528.4739328860205,18.80828526371394,1.0,-1.885918,1.3218722,-0.84479785,0.41101962,1
107,AVPEPUDEA0024a2.wav,0.0040188590522523574,1.6594806488157174,142.28270786328716,0.36098059620822287,3.3182091653031085,0.0046792110661528705,2.440683204324771,80.71006596062735,0.34824632831453034,1.5058672709683687,0.008052598723143511,2.362301840672187,111.46747266704425,0.9974733663593948,3.0548043993830727,0.002130732274451157,2.048322858615057,5012.014618265609,0.2541246531826597,5550.514907904048,0.007408270277619119,2.438486727682614,91.59036304901458,0.8098142177788037,2.018456123428961,-317.9309,121.34304,-19.29652,6.614755,-15.250402,-0.099623516,-7.0408783,-0.5208733,2.5762868,-4.846507,-9.012624,12.533097,-6.950974,87.74159845963217,192.19588234014665,31.6614943492295,0.0008646608330309391,0.02255675569176674,-30.591562163118105,-28.652861862725533,2.379434461628134,0.01338120348606583,7.24841387182436e-05,0.002992486073363415,0.004938211670552281,0.008977458220090256,0.08188982046984233,0.584071561428053,0.028293191555869106,0.06972569848760586,0.3544348968566781,0.8075789460499484,624.6899956601336,1404.520064435468,2706.6722591916828,3661.729825135353,6.692561606789812,1.0,-1.4464103,0.52805924,-0.32514596,0.26372886,-414.1471,100.42369,-15.062121,51.58985,28.99186,25.771282,-7.138457,-26.90227,-1.1005274,13.952835,-10.003089,-6.4168754,-25.55878,128.1622265527407,208.2636181482036,10.294244481631393,0.0004934478201903403,0.017925884574651718,-33.04000384588733,-31.514279536467864,-5.833511922135493,0.011779797868860983,5.670150104934202e-05,0.0027705876568110206,0.005425989251625767,0.008311762970432984,0.08808197883144968,0.5961856222434324,0.03556704790551719,0.0693204837597261,0.15383681079499748,0.8906633539932401,284.0065276151825,2104.839427753238,2588.5211862905007,3822.737666010281,10.922841169638446,1.0,-1.7414478,0.9728624,-0.27576375,0.049485866,-401.3386,93.23315,-8.149506,68.220535,46.76638,17.270685,-3.1558266,-14.8530245,-10.865468,15.450991,-25.057972,-23.915016,-30.352863,213.46092780732658,219.00536749063372,10.99289442259723,0.004212292842566967,0.0591660737991333,-23.713177082856944,-23.140761752876998,-32.451059623876,0.01003147689333589,4.592507320254536e-05,0.0019030376156918389,0.003964935055485798,0.005709112847075553,0.046008147872877714,0.4698079138069187,0.01580574743425991,0.025568825873120333,0.05579354908379115,0.8784747311713905,2299.565331056709,3015.3215364752323,4242.7502109753805,5146.929653337793,21.518252228746768,1.0,-1.7450417,0.9806324,-0.55139863,0.3182721,-438.5396,116.54064,28.292997,45.0787,-13.383781,-17.638304,-18.194149,-0.5597007,6.020383,7.383215,-3.435996,-5.8313155,-17.391275,87.80396710837444,210.1023498664674,34.57809299476915,0.0003020557633135468,0.013415121473371983,-35.15126707897139,-38.39948892555583,-84.19918649134237,0.009260385736403334,4.616071603719655e-05,0.002853045258972755,0.007425711069664837,0.008559135776918171,0.10498156701641147,0.6443907998295294,0.06678946992487,0.1929596693750492,0.040691073239867676,0.8518225038616173,877.6471265207755,2595.233069160525,3443.519519020691,4603.994124970309,11.063674319767815,1.0,-1.4726976,0.6096871,-0.4063312,0.2743119,-439.11804,118.17102,49.80025,62.706635,-5.732247,0.19623898,-14.069858,-5.2791505,2.6819236,-4.0183773,3.2490063,-11.364686,-19.16423,211.79258072769295,218.2105377194412,12.20746804285601,0.002677719574421644,0.04558151960372925,-25.707753404163682,-26.122891515619795,-32.030501631051905,0.011070293896022014,5.089526669395455e-05,0.00210292941540108,0.004589221461996059,0.006308788246203224,0.07756555824360846,0.7297539276032694,0.02007312506608628,0.04489999395280812,0.12156946703367508,0.8789161888444056,661.3488654496339,2537.965797075092,3819.5703092301155,4699.94870846339,19.345650256613812,1.0,-1.8712051,1.33841,-0.9036736,0.43857977,1
108,AVPEPUDEA0024a3.wav,0.004493228121313953,2.3304420310143232,43.96167771301024,0.16333530354695805,0.5779521174434579,0.007052171013211794,2.5571795286207126,87.24224198583408,0.4486546531634138,1.5440980248069545,0.0015071562642317016,2.3832501729393174,45.40933016889108,0.13463457671738494,0.7408600391034218,0.005174912507167187,2.431913609055659,46.74998229390973,0.2735622058095423,0.6333586732598534,0.011281867360214254,3.017017182506894,54.66279338779582,0.7620717579712879,0.7169613102215333,-358.90167,117.603935,-10.724559,1.6869054,-12.71363,10.8362055,-9.980571,1.0010657,9.510594,-6.7971115,-6.741018,12.936181,-9.313082,67.40654477479033,171.10892135139085,35.65758049271776,0.00015521027671638876,0.011642412282526493,-38.089954982107244,-37.633619256987984,-2.8557077391115055,0.011455828909705784,7.092445759795142e-05,0.0030701333537832428,0.005367093634651897,0.00921040006134972,0.05370433298563453,0.8825485780835152,0.0315899923602216,0.05630206137316021,0.08518175303702318,0.8377194775393673,620.5399042033504,1441.771100456762,2534.442813721122,3480.2234346165037,5.690385596814274,1.0,-1.4379175,0.6759403,-0.38197386,0.17100735,-389.22205,99.336235,-12.756803,50.72409,28.910622,31.281609,-13.416446,-22.456038,-6.4620275,16.184875,-7.4231935,-7.3165936,-30.656347,154.7794412653686,194.80860710986045,28.03589961404039,0.0007187978480942547,0.02345273271203041,-31.42898829597439,-30.743428491916035,-3.4356982091903605,0.008491066539212824,4.500924844168216e-05,0.002229374112350913,0.0038738151139079582,0.006688122337052685,0.053234549970387096,0.5410654903855174,0.021091016999330067,0.03885273980305856,0.08700745987290147,0.9010895464187004,247.01148567755433,2103.7886891536655,2495.395098059888,3850.654502508754,11.337790419285955,1.0,-1.7292339,1.0758722,-0.5412065,0.20098118,-498.91675,125.37985,-25.1473,68.08255,49.095043,6.55851,-34.295963,-9.254087,7.2440276,-22.75716,-25.438654,-2.5928097,-15.574222,132.55572709815894,152.63992817363757,8.317431350805734,0.00010754786489997059,0.00964874867349863,-39.66564544251274,-39.762416675232934,-20.104721559134504,0.007086693080824719,4.657610493395944e-05,0.0014143815972525633,0.0022952250315988495,0.004243144791757709,0.0573363527261434,0.4712007350777996,0.022423223196691544,0.036634825464752066,0.07077689344624091,0.7962618118384818,394.66020831456495,2449.5960050447006,3191.3652845768625,3781.4846802013913,14.538934984684655,1.0,-2.4113116,2.265241,-1.0751196,0.22714771,-394.80273,117.01344,38.454765,56.072163,-15.063863,-20.646091,-16.33336,-7.4778037,13.086687,9.751712,-6.0036874,2.6497958,-20.417704,124.48712589268594,195.27392296891907,37.902641215707845,0.0003738615196198225,0.01876870170235634,-34.256538430115654,-34.33648759231759,-2.375499799733531,0.00947383021553622,5.1429559524424316e-05,0.0031211453232033943,0.005795804267520173,0.009363435969610182,0.06786107815025438,0.6791352490303901,0.031221845014062957,0.04686792526441762,0.03996705726835606,0.8427089644613794,262.10850389386667,876.7925520582659,2684.3957213326657,3553.9476674372227,9.962414821356857,1.0,-1.5615864,0.75183344,-0.29434636,0.11316449,-426.48904,128.55519,52.19401,65.07396,-12.352106,11.177649,-10.692338,-4.643126,13.06685,-2.3933804,2.7732432,2.6008859,-18.72063,162.69687992980948,201.1525060950371,35.87409968310293,0.002196136163547635,0.04164586588740349,-26.54737469241558,-26.72496146161712,4.225449925591557,0.012104086929636534,6.301814633854786e-05,0.002009699193498989,0.0043844351802118705,0.006029097580496994,0.07547718890349497,0.6711180925250371,0.019088925824338323,0.04166427563430974,0.1410822738650726,0.898177354439515,751.4887389286165,2495.1426265849727,3709.613466784751,4471.442798632246,15.917511945189366,1.0,-2.1022651,1.8638498,-1.239944,0.48022646,1
109,AVPEPUDEA0027a2.wav,0.003368931903710971,3.2781132451859003,10.864973889340964,0.13747385883555058,0.22847282134939836,0.005306702787501639,3.711461283138719,18.503354160978567,0.1590049388232188,0.3717589115563127,0.0027399913659099037,2.5499348244639455,50.204865180460494,0.2792594842254316,0.8460706413193254,0.001185861997225362,2.608273035945644,21.90678048860691,0.14472650730562991,0.47190670220903996,-3.359024503294453e-05,2.0290403613767816,67.64256197918812,0.20375170590966177,1.28735748450755,-407.13785,205.71014,-47.912704,-35.6586,-22.50741,-6.6404705,-5.6596084,-1.1221488,-12.007994,7.034339,-5.6715946,8.862374,0.21233784,129.56916387962323,149.43013060569686,9.83063325437669,0.000516601256094873,0.02176332101225853,-32.8486147346581,-32.01237907517025,-48.35066404626328,0.005255294865193558,3.5337165957761914e-05,0.0011691130188799794,0.0020330399767717927,0.0035073390566399115,0.025467018665573632,0.2134674431907566,0.013203549891462761,0.021849802070424924,0.04441408369320531,0.6347960071714449,1391.3434373472776,2250.4586197741887,2324.036256885653,3647.603808708175,14.446394269232746,1.0,-2.3645184,1.7706147,-0.3761387,-0.018374896,-441.77527,162.55853,-33.58098,23.139362,28.15057,6.087206,-44.471428,-36.660347,-13.159769,-9.676479,-21.233347,7.3582654,-8.95506,132.36027973796072,144.48488551548385,10.70887013138858,0.00048258036258630455,0.020807120949029922,-33.162025501449406,-32.93061532964227,-16.978876690041204,0.00766316115310724,5.33743132113769e-05,0.0016756882792862006,0.0028984287031270156,0.005027064837858613,0.02428397442576558,0.21083960528247148,0.013086214330034904,0.020002544893965225,0.03650225551053202,0.633597829582288,2063.9261312017643,2768.1070766650532,3868.491178838101,4237.533090964477,16.111448982846973,1.0,-2.379901,1.9265696,-0.62840384,0.087958425,-513.21533,123.93169,-9.479875,71.16891,64.064674,17.813232,-32.438553,3.4127662,7.0910163,-19.845825,-20.991625,-7.9541,-18.235968,145.57684899604953,161.45795979561854,8.562208698402307,0.00041663317824713886,0.01866021566092968,-33.7799468584696,-33.266689111370596,-28.937018652888856,0.00713376933740147,4.432215136163821e-05,0.0014150456242487,0.00251743955138895,0.0042451368727461,0.05696705474586541,0.5078093376985909,0.017098241647944594,0.034326134934635155,0.09761638355208561,0.818007112576766,326.43026511150555,2372.4195607068714,3125.700767422382,3680.6862723349095,21.859103197261376,1.0,-2.3947065,2.1464725,-0.97964907,0.2302333,-517.62665,187.7126,34.47706,30.296394,-17.435066,-30.419134,-36.930965,-31.200333,0.8014167,2.4229455,-4.1406646,-7.778944,-5.1115713,122.88028679077271,150.33226575466875,7.453277115560767,0.0002897482190746814,0.016114860773086548,-35.35556865839774,-36.18975951253606,-35.87183143412809,0.0057633752066967026,3.8447612436550434e-05,0.0008162046424531136,0.0015774720340639245,0.0024486139273593253,0.05214913788144987,0.4457193739211146,0.021222865537920396,0.03372658110521333,0.0633374591287303,0.6786749329198477,838.4991957112338,2418.435372045564,3653.153898270654,5529.764744617862,16.51476314282234,1.0,-2.1145148,1.4004953,-0.42107508,0.1419069,-584.7003,163.52937,73.13248,56.585266,16.858938,-0.46626177,-39.395046,-23.382162,4.7132854,-14.449662,-5.875086,-3.6291456,-6.1650248,147.22424387743763,158.92418378822737,8.5022055804735,0.00022130834986455739,0.013911317102611065,-36.542650066478494,-36.74739385924751,-10.864355330494444,0.007771062983495181,4.905518191779577e-05,0.001668141068878684,0.003204550573513715,0.005004423206636093,0.05719282613329777,0.5095380022681344,0.021462511665990405,0.03925624114101981,0.09249300740169944,0.8199022817323961,678.3318419792264,2567.4967329428755,3507.2672375553325,5010.840083745992,20.07105601574554,1.0,-1.8094605,0.9530198,-0.4411314,0.30133575,1
